Ar
#NOTE: MSDs should be divided by the temperature.
#NOTE: MSDs have been divided by 2 or 10 (i.e., the viscosity computed from all components).
#Time	MSD_xx	MSD_yy	MSD_zz	MSD_xy	MSD_xz	MSD_yz	MSD_off	MSD_all	MSD_bulkvisc
 50000 1.46475e+13 1.56323e+13 1.69459e+13 1.3592e+13 1.72449e+13 1.49425e+13 1.52598e+13 1.54526e+13 1.25519e+09
 100000 5.70171e+13 6.09611e+13 6.62023e+13 5.27105e+13 6.72666e+13 5.80948e+13 5.93573e+13 6.01718e+13 2.1271e+11
 150000 1.2528e+14 1.34165e+14 1.45887e+14 1.15385e+14 1.48007e+14 1.27437e+14 1.30276e+14 1.3221e+14 2.14389e+11
 200000 2.17878e+14 2.33685e+14 2.54365e+14 2e+14 2.57725e+14 2.21217e+14 2.26314e+14 2.29912e+14 2.16063e+11
 250000 3.33462e+14 3.58183e+14 3.90259e+14 3.05232e+14 3.94987e+14 3.37934e+14 3.46051e+14 3.51884e+14 2.17622e+11
 300000 4.70875e+14 5.06466e+14 5.52384e+14 4.2993e+14 5.58571e+14 4.76307e+14 4.88269e+14 4.96925e+14 2.19488e+11
 350000 6.29154e+14 6.77518e+14 7.39716e+14 5.73124e+14 7.4739e+14 6.35247e+14 6.51921e+14 6.64004e+14 2.21272e+11
 400000 8.0747e+14 8.70443e+14 9.51349e+14 7.33961e+14 9.60537e+14 8.13896e+14 8.36131e+14 8.52247e+14 2.22747e+11
 450000 1.00514e+15 1.08449e+15 1.18652e+15 9.11688e+14 1.19726e+15 1.01153e+15 1.04016e+15 1.06091e+15 2.24921e+11
 500000 1.22156e+15 1.31901e+15 1.44455e+15 1.10564e+15 1.45694e+15 1.22753e+15 1.26337e+15 1.28937e+15 2.26879e+11
 550000 1.45622e+15 1.5735e+15 1.72485e+15 1.3152e+15 1.73908e+15 1.46134e+15 1.50521e+15 1.53707e+15 2.28964e+11
 600000 1.70867e+15 1.84753e+15 2.02697e+15 1.53982e+15 2.0432e+15 1.71235e+15 1.76513e+15 1.8035e+15 2.30867e+11
 650000 1.9785e+15 2.14076e+15 2.35059e+15 1.77901e+15 2.36888e+15 1.98002e+15 2.04263e+15 2.08823e+15 2.32276e+11
 700000 2.26535e+15 2.45291e+15 2.6954e+15 2.03233e+15 2.71571e+15 2.26389e+15 2.33731e+15 2.39087e+15 2.34003e+11
 750000 2.56884e+15 2.78368e+15 3.06116e+15 2.29944e+15 3.08334e+15 2.56355e+15 2.64877e+15 2.71109e+15 2.35587e+11
 800000 2.88861e+15 3.1328e+15 3.44767e+15 2.57999e+15 3.47137e+15 2.87866e+15 2.97667e+15 3.04855e+15 2.37104e+11
 850000 3.22434e+15 3.50003e+15 3.85475e+15 2.87366e+15 3.87944e+15 3.20891e+15 3.32067e+15 3.40295e+15 2.38338e+11
 900000 3.57574e+15 3.88516e+15 4.28218e+15 3.1801e+15 4.30715e+15 3.55407e+15 3.68044e+15 3.77401e+15 2.39868e+11
 950000 3.94256e+15 4.28796e+15 4.72978e+15 3.49899e+15 4.75403e+15 3.91389e+15 4.05564e+15 4.16142e+15 2.4151e+11
 1e+06 4.3245e+15 4.70826e+15 5.19741e+15 3.83005e+15 5.21964e+15 4.28814e+15 4.44594e+15 4.56492e+15 2.44267e+11
 1e+06 4.31822e+15 4.70569e+15 5.15807e+15 3.81295e+15 5.2595e+15 4.25689e+15 4.44311e+15 4.5568e+15 2.9704e+10
 2e+06 1.48416e+16 1.65278e+16 1.848e+16 1.26775e+16 1.8008e+16 1.44418e+16 1.50424e+16 1.5672e+16 6.45537e+10
 3e+06 2.99299e+16 3.38852e+16 3.84199e+16 2.50906e+16 3.6117e+16 2.8884e+16 3.00305e+16 3.16497e+16 1.05852e+11
 4e+06 4.84557e+16 5.56116e+16 6.39135e+16 4.01241e+16 5.81396e+16 4.64015e+16 4.82217e+16 5.13305e+16 1.48677e+11
 5e+06 6.96429e+16 8.08575e+16 9.40999e+16 5.71182e+16 8.29517e+16 6.59423e+16 6.86707e+16 7.38158e+16 1.91983e+11
 6e+06 9.29777e+16 1.09024e+17 1.28274e+17 7.53892e+16 1.0962e+17 8.68138e+16 9.06079e+16 9.84014e+16 2.41648e+11
 7e+06 1.18261e+17 1.39413e+17 1.65886e+17 9.43797e+16 1.37873e+17 1.086e+17 1.13617e+17 1.24645e+17 2.92164e+11
 8e+06 1.45235e+17 1.71233e+17 2.06411e+17 1.13507e+17 1.67753e+17 1.31092e+17 1.3745e+17 1.52188e+17 3.45994e+11
 9e+06 1.73873e+17 2.04057e+17 2.49341e+17 1.32528e+17 1.99016e+17 1.54503e+17 1.62016e+17 1.80845e+17 4.05205e+11
 1e+07 2.04172e+17 2.37704e+17 2.9426e+17 1.51467e+17 2.31354e+17 1.78611e+17 1.87144e+17 2.10438e+17 4.67779e+11
 1.1e+07 2.36231e+17 2.72316e+17 3.408e+17 1.70484e+17 2.64524e+17 2.03288e+17 2.12765e+17 2.40905e+17 5.31593e+11
 1.2e+07 2.69798e+17 3.07896e+17 3.88886e+17 1.89675e+17 2.98152e+17 2.28632e+17 2.3882e+17 2.72169e+17 5.9741e+11
 1.3e+07 3.04687e+17 3.44499e+17 4.38207e+17 2.08908e+17 3.32046e+17 2.54831e+17 2.65261e+17 3.04143e+17 6.63688e+11
 1.4e+07 3.40578e+17 3.81548e+17 4.88362e+17 2.27953e+17 3.6606e+17 2.81871e+17 2.91961e+17 3.36575e+17 7.32784e+11
 1.5e+07 3.76969e+17 4.18455e+17 5.39047e+17 2.46309e+17 4.00004e+17 3.09825e+17 3.18712e+17 3.69157e+17 8.02121e+11
 1.6e+07 4.13615e+17 4.54681e+17 5.89832e+17 2.6392e+17 4.34042e+17 3.3867e+17 3.45544e+17 4.01743e+17 8.70667e+11
 1.7e+07 4.50145e+17 4.9003e+17 6.40437e+17 2.81048e+17 4.68212e+17 3.67983e+17 3.72415e+17 4.34197e+17 9.39121e+11
 1.8e+07 4.8642e+17 5.2492e+17 6.90758e+17 2.97713e+17 5.02998e+17 3.97591e+17 3.99434e+17 4.66607e+17 1.00969e+12
 1.9e+07 5.22364e+17 5.59012e+17 7.40492e+17 3.13987e+17 5.38276e+17 4.27247e+17 4.26504e+17 4.98818e+17 1.07971e+12
 2e+07 5.58018e+17 5.92069e+17 7.89249e+17 3.29939e+17 5.74321e+17 4.56993e+17 4.53751e+17 5.30829e+17 1.15179e+12
 2e+07 5.49676e+17 5.39874e+17 6.94434e+17 3.33246e+17 6.1748e+17 4.45574e+17 4.65434e+17 5.17125e+17 9.93499e+11
 4e+07 1.33062e+18 1.1067e+18 1.4319e+18 5.64368e+17 1.50933e+18 1.14375e+18 1.07248e+18 1.15939e+18 2.97785e+12
 6e+07 1.77421e+18 1.75762e+18 1.87633e+18 7.94752e+17 2.42269e+18 1.97172e+18 1.72972e+18 1.75892e+18 4.87595e+12
 8e+07 2.08014e+18 2.54261e+18 2.36695e+18 1.11859e+18 3.22995e+18 2.97369e+18 2.44074e+18 2.39641e+18 6.32411e+12
 1e+08 2.49431e+18 3.20255e+18 2.76728e+18 1.34668e+18 3.59254e+18 3.89688e+18 2.94537e+18 2.89577e+18 7.459e+12
 1.2e+08 2.5447e+18 3.92526e+18 3.14573e+18 1.31562e+18 3.75813e+18 4.71129e+18 3.26168e+18 3.2391e+18 8.43168e+12
 1.4e+08 2.49912e+18 4.6414e+18 3.6063e+18 1.33298e+18 3.89499e+18 5.54684e+18 3.5916e+18 3.58787e+18 9.85572e+12
 1.6e+08 2.83522e+18 5.30923e+18 3.98167e+18 1.37059e+18 3.8692e+18 6.48945e+18 3.90975e+18 3.96266e+18 1.21361e+13
 1.8e+08 3.689e+18 6.1034e+18 4.48304e+18 1.32856e+18 4.07806e+18 7.55726e+18 4.32129e+18 4.49617e+18 1.48424e+13
 2e+08 4.5041e+18 6.32528e+18 4.78779e+18 1.557e+18 4.58122e+18 8.80261e+18 4.98028e+18 5.07046e+18 1.68043e+13
 2.2e+08 4.74484e+18 6.32394e+18 5.07828e+18 1.61118e+18 5.26963e+18 9.9008e+18 5.59387e+18 5.50926e+18 1.80544e+13
 2.4e+08 4.76188e+18 5.96178e+18 5.36549e+18 1.79872e+18 6.28812e+18 1.09215e+19 6.3361e+18 5.94688e+18 1.9286e+13
 2.6e+08 4.59449e+18 5.00237e+18 5.28567e+18 1.86018e+18 6.71172e+18 1.16083e+19 6.72673e+18 6.02038e+18 2.06038e+13
 2.8e+08 4.62458e+18 3.85156e+18 5.12777e+18 1.96074e+18 7.30501e+18 1.20447e+19 7.10347e+18 6.07594e+18 2.08628e+13
 3e+08 5.08895e+18 2.88723e+18 5.44031e+18 2.06528e+18 7.93011e+18 1.28333e+19 7.60957e+18 6.35461e+18 2.14993e+13
 3.2e+08 6.46672e+18 2.21194e+18 5.77576e+18 1.77792e+18 8.90629e+18 1.40531e+19 8.24578e+18 6.87472e+18 2.20977e+13
 3.4e+08 8.03438e+18 1.87717e+18 6.30836e+18 1.70862e+18 1.001e+19 1.55901e+19 9.10294e+18 7.62442e+18 2.13429e+13
 3.6e+08 9.1946e+18 1.61267e+18 6.83994e+18 1.85676e+18 1.09114e+19 1.74443e+19 1.00708e+19 8.39545e+18 1.94468e+13
 3.8e+08 9.26656e+18 9.31311e+17 6.43751e+18 1.80586e+18 1.13975e+19 1.96067e+19 1.09367e+19 8.78006e+18 1.7743e+13
 4e+08 9.38087e+18 9.81244e+17 6.27069e+18 1.90307e+18 1.20392e+19 2.16635e+19 1.18686e+19 9.33885e+18 1.65873e+13
 4e+08 1.15959e+19 2.53404e+17 8.42096e+18 2.58876e+18 2.87535e+19 2.99322e+18 1.14452e+19 9.56981e+18 3.26821e+13
