Ar
#NOTE: MSDs should be divided by the temperature.
#NOTE: MSDs have been divided by 2 or 10 (i.e., the viscosity computed from all components).
#Time	MSD_xx	MSD_yy	MSD_zz	MSD_xy	MSD_xz	MSD_yz	MSD_off	MSD_all	MSD_bulkvisc
 50000 9.24612e+11 9.82792e+11 9.61815e+11 9.10752e+11 8.88444e+11 9.40214e+11 9.13137e+11 9.30445e+11 1.44715e+09
 100000 3.55862e+12 3.7903e+12 3.70624e+12 3.50118e+12 3.41117e+12 3.61789e+12 3.51008e+12 3.58007e+12 9.66475e+10
 150000 7.72805e+12 8.24279e+12 8.05648e+12 7.59557e+12 7.38828e+12 7.85515e+12 7.613e+12 7.77144e+12 9.83706e+10
 200000 1.32781e+13 1.41784e+13 1.38524e+13 1.30365e+13 1.26588e+13 1.34917e+13 1.30623e+13 1.33452e+13 9.97438e+10
 250000 2.00713e+13 2.14516e+13 2.09505e+13 1.96809e+13 1.90793e+13 2.03806e+13 1.97136e+13 2.01579e+13 1.01142e+11
 300000 2.79871e+13 2.99338e+13 2.92251e+13 2.73961e+13 2.65224e+13 2.8391e+13 2.74365e+13 2.80813e+13 1.02539e+11
 350000 3.69183e+13 3.95073e+13 3.85646e+13 3.60601e+13 3.4876e+13 3.74045e+13 3.61136e+13 3.70002e+13 1.04139e+11
 400000 4.67676e+13 5.00652e+13 4.88647e+13 4.55632e+13 4.40389e+13 4.73123e+13 4.56381e+13 4.68092e+13 1.05761e+11
 450000 5.74453e+13 6.15078e+13 6.00286e+13 5.58069e+13 5.39156e+13 5.8014e+13 5.59122e+13 5.74115e+13 1.07129e+11
 500000 6.88716e+13 7.37448e+13 7.19654e+13 6.6703e+13 6.44222e+13 6.94205e+13 6.68486e+13 6.872e+13 1.08286e+11
 550000 8.09767e+13 8.66967e+13 8.45929e+13 7.81718e+13 7.54856e+13 8.14549e+13 7.83708e+13 8.0658e+13 1.09841e+11
 600000 9.36984e+13 1.00294e+14 9.7837e+13 9.01426e+13 8.70429e+13 9.40507e+13 9.04121e+13 9.31578e+13 1.11353e+11
 650000 1.06981e+14 1.14474e+14 1.11631e+14 1.02552e+14 9.90407e+13 1.07149e+14 1.02914e+14 1.0616e+14 1.12543e+11
 700000 1.20775e+14 1.29184e+14 1.25916e+14 1.15344e+14 1.11432e+14 1.20699e+14 1.15825e+14 1.19612e+14 1.14093e+11
 750000 1.35033e+14 1.4437e+14 1.40643e+14 1.2847e+14 1.2418e+14 1.34654e+14 1.29101e+14 1.33467e+14 1.15596e+11
 800000 1.49705e+14 1.59985e+14 1.55764e+14 1.41879e+14 1.37249e+14 1.48966e+14 1.42698e+14 1.47679e+14 1.1707e+11
 850000 1.64751e+14 1.75987e+14 1.71237e+14 1.55531e+14 1.50603e+14 1.63589e+14 1.56574e+14 1.62208e+14 1.18498e+11
 900000 1.80136e+14 1.92336e+14 1.87027e+14 1.69387e+14 1.64208e+14 1.7848e+14 1.70692e+14 1.77015e+14 1.20051e+11
 950000 1.95822e+14 2.08995e+14 2.03099e+14 1.83416e+14 1.7804e+14 1.93599e+14 1.85019e+14 1.92067e+14 1.21279e+11
 1e+06 2.11779e+14 2.2593e+14 2.19423e+14 1.97588e+14 1.92073e+14 2.08915e+14 1.99525e+14 2.07333e+14 1.2274e+11
 1e+06 2.15309e+14 2.26322e+14 2.19168e+14 1.94603e+14 1.91779e+14 2.10697e+14 1.99026e+14 2.07522e+14 2.99783e+10
 2e+06 5.61121e+14 5.91747e+14 5.76284e+14 4.88461e+14 4.91434e+14 5.4072e+14 5.06872e+14 5.34677e+14 5.90307e+10
 3e+06 9.01874e+14 9.66001e+14 9.55692e+14 7.70551e+14 7.80071e+14 8.84329e+14 8.1165e+14 8.63466e+14 8.65645e+10
 4e+06 1.22355e+15 1.36574e+15 1.34534e+15 1.05646e+15 1.05089e+15 1.21384e+15 1.10706e+15 1.18886e+15 1.12833e+11
 5e+06 1.54162e+15 1.77162e+15 1.73464e+15 1.34317e+15 1.31418e+15 1.54627e+15 1.40121e+15 1.51378e+15 1.37655e+11
 6e+06 1.86947e+15 2.19533e+15 2.13628e+15 1.62192e+15 1.57926e+15 1.89042e+15 1.6972e+15 1.84513e+15 1.63436e+11
 7e+06 2.18652e+15 2.63879e+15 2.54766e+15 1.88959e+15 1.84252e+15 2.21998e+15 1.98403e+15 2.17348e+15 1.89568e+11
 8e+06 2.48042e+15 3.07109e+15 2.97211e+15 2.15006e+15 2.09365e+15 2.52617e+15 2.25663e+15 2.49046e+15 2.11581e+11
 9e+06 2.77413e+15 3.4903e+15 3.4049e+15 2.4033e+15 2.34452e+15 2.80841e+15 2.51874e+15 2.80049e+15 2.33262e+11
 1e+07 3.07986e+15 3.90285e+15 3.84706e+15 2.65829e+15 2.60811e+15 3.08303e+15 2.78314e+15 3.11386e+15 2.54485e+11
 1.1e+07 3.38746e+15 4.32297e+15 4.2887e+15 2.91917e+15 2.86867e+15 3.34731e+15 3.04505e+15 3.42691e+15 2.77834e+11
 1.2e+07 3.68317e+15 4.74999e+15 4.71925e+15 3.19384e+15 3.11744e+15 3.59578e+15 3.30235e+15 3.73507e+15 2.98485e+11
 1.3e+07 3.94644e+15 5.16905e+15 5.12304e+15 3.49508e+15 3.35057e+15 3.82089e+15 3.55551e+15 4.03178e+15 3.15494e+11
 1.4e+07 4.18795e+15 5.60431e+15 5.50245e+15 3.81637e+15 3.59466e+15 4.03364e+15 3.81489e+15 4.32823e+15 3.32681e+11
 1.5e+07 4.39656e+15 6.06558e+15 5.88009e+15 4.16296e+15 3.82344e+15 4.27584e+15 4.08741e+15 4.63141e+15 3.52154e+11
 1.6e+07 4.55906e+15 6.52305e+15 6.25381e+15 4.52885e+15 4.03318e+15 4.54166e+15 4.3679e+15 4.93219e+15 3.70532e+11
 1.7e+07 4.70102e+15 6.96206e+15 6.64046e+15 4.90125e+15 4.21472e+15 4.80343e+15 4.6398e+15 5.22435e+15 3.9128e+11
 1.8e+07 4.86192e+15 7.38827e+15 7.04409e+15 5.27626e+15 4.40499e+15 5.06949e+15 4.91691e+15 5.52272e+15 4.11592e+11
 1.9e+07 5.05552e+15 7.80851e+15 7.46066e+15 5.64466e+15 4.62061e+15 5.32414e+15 5.19647e+15 5.82784e+15 4.31129e+11
 2e+07 5.24306e+15 8.20789e+15 7.87455e+15 6.01863e+15 4.83716e+15 5.59184e+15 5.48254e+15 6.13293e+15 4.5145e+11
 2e+07 4.7731e+15 8.2826e+15 7.08483e+15 5.704e+15 5.43278e+15 6.76837e+15 5.96839e+15 6.26644e+15 6.09315e+11
 4e+07 7.95189e+15 1.76969e+16 1.571e+16 1.4567e+16 1.06341e+16 1.22433e+16 1.24815e+16 1.30034e+16 9.60775e+11
 6e+07 9.29366e+15 3.0094e+16 2.71993e+16 2.54187e+16 1.46997e+16 1.37901e+16 1.79695e+16 1.966e+16 1.45162e+12
 8e+07 9.92651e+15 4.34321e+16 3.91691e+16 3.62838e+16 1.69886e+16 1.41163e+16 2.24629e+16 2.58148e+16 1.7835e+12
 1e+08 1.05695e+16 5.59607e+16 4.87153e+16 4.66523e+16 1.95545e+16 2.0003e+16 2.87366e+16 3.2608e+16 1.83464e+12
 1.2e+08 1.17456e+16 7.02843e+16 6.04673e+16 5.42147e+16 2.20621e+16 2.03039e+16 3.21936e+16 3.83158e+16 2.01934e+12
 1.4e+08 1.32311e+16 8.37027e+16 7.311e+16 5.97996e+16 2.21827e+16 1.83979e+16 3.34601e+16 4.27486e+16 1.87037e+12
 1.6e+08 1.39276e+16 1.01658e+17 8.76196e+16 6.41915e+16 1.89271e+16 2.12996e+16 3.48061e+16 4.79777e+16 1.82665e+12
 1.8e+08 1.49503e+16 1.25137e+17 1.0697e+17 7.0424e+16 1.67924e+16 2.69292e+16 3.80485e+16 5.57702e+16 1.688e+12
 2e+08 1.64306e+16 1.53326e+17 1.30875e+17 7.41585e+16 1.73562e+16 3.07092e+16 4.07413e+16 6.4529e+16 1.50755e+12
 2.2e+08 1.56631e+16 1.85051e+17 1.58759e+17 7.87308e+16 1.55536e+16 3.28291e+16 4.23712e+16 7.33524e+16 1.29489e+12
 2.4e+08 1.44621e+16 2.1672e+17 1.89005e+17 8.24897e+16 1.35956e+16 3.87022e+16 4.49292e+16 8.29824e+16 1.014e+12
 2.6e+08 1.48155e+16 2.50657e+17 2.16618e+17 8.71851e+16 1.32602e+16 4.09517e+16 4.71324e+16 9.25581e+16 1.16284e+12
 2.8e+08 1.5052e+16 2.86411e+17 2.44756e+17 9.19865e+16 1.62005e+16 4.22218e+16 5.01363e+16 1.02911e+17 1.24186e+12
 3e+08 1.45493e+16 3.17628e+17 2.67623e+17 9.5757e+16 1.92711e+16 4.46149e+16 5.32143e+16 1.11902e+17 1.26735e+12
 3.2e+08 1.35478e+16 3.50912e+17 2.98104e+17 9.79764e+16 2.25293e+16 5.04292e+16 5.69783e+16 1.22529e+17 1.65972e+12
 3.4e+08 1.26124e+16 3.90377e+17 3.32899e+17 1.00156e+17 2.43999e+16 5.16336e+16 5.87298e+16 1.33356e+17 1.80684e+12
 3.6e+08 1.32225e+16 4.33933e+17 3.73116e+17 1.01618e+17 2.78882e+16 5.33877e+16 6.09645e+16 1.45948e+17 1.98456e+12
 3.8e+08 1.44584e+16 4.79617e+17 4.17123e+17 1.04035e+17 3.14436e+16 5.37393e+16 6.30725e+16 1.59337e+17 1.66009e+12
 4e+08 1.4279e+16 5.26612e+17 4.55507e+17 1.10166e+17 2.95956e+16 5.30105e+16 6.42574e+16 1.71407e+17 1.50095e+12
 4e+08 4.63091e+15 7.03553e+17 5.98103e+17 1.08499e+17 2.07902e+15 1.62711e+16 4.22831e+16 1.99541e+17 5.41808e+11
 8e+08 1.24235e+16 1.14438e+18 9.18332e+17 7.00301e+16 2.51174e+15 9.64347e+15 2.73951e+16 2.93122e+17 2.02914e+12
