Ar
#NOTE: MSDs should be divided by the temperature.
#NOTE: MSDs have been divided by 2 or 10 (i.e., the viscosity computed from all components).
#Time	MSD_xx	MSD_yy	MSD_zz	MSD_xy	MSD_xz	MSD_yz	MSD_off	MSD_all	MSD_bulkvisc
 50000 2.38578e+12 2.3884e+12 2.39867e+12 2.24724e+12 2.43835e+12 2.51018e+12 2.39859e+12 2.39553e+12 9.26556e+08
 100000 9.33721e+12 9.34881e+12 9.38895e+12 8.78592e+12 9.54999e+12 9.83677e+12 9.3909e+12 9.37787e+12 2.51609e+11
 150000 2.05829e+13 2.06176e+13 2.0699e+13 1.93527e+13 2.10674e+13 2.17117e+13 2.07106e+13 2.06796e+13 2.51689e+11
 200000 3.58671e+13 3.59531e+13 3.60737e+13 3.36994e+13 3.67354e+13 3.78794e+13 3.61047e+13 3.60487e+13 2.52815e+11
 250000 5.49475e+13 5.51326e+13 5.52748e+13 5.15949e+13 5.63096e+13 5.80976e+13 5.5334e+13 5.52477e+13 2.53945e+11
 300000 7.75938e+13 7.79439e+13 7.80762e+13 7.28275e+13 7.9555e+13 8.21364e+13 7.8173e+13 7.80523e+13 2.55008e+11
 350000 1.03585e+14 1.04183e+14 1.04268e+14 9.72014e+13 1.06248e+14 1.09778e+14 1.04409e+14 1.0425e+14 2.56096e+11
 400000 1.3271e+14 1.3365e+14 1.33653e+14 1.24531e+14 1.3618e+14 1.40817e+14 1.33843e+14 1.33641e+14 2.57168e+11
 450000 1.64768e+14 1.66156e+14 1.66049e+14 1.54644e+14 1.6916e+14 1.75054e+14 1.66286e+14 1.66035e+14 2.58242e+11
 500000 1.9957e+14 2.01525e+14 2.01292e+14 1.87381e+14 2.0501e+14 2.12302e+14 2.01564e+14 2.01257e+14 2.59217e+11
 550000 2.3694e+14 2.39595e+14 2.39229e+14 2.22594e+14 2.43569e+14 2.52383e+14 2.39515e+14 2.39144e+14 2.60286e+11
 600000 2.76715e+14 2.80212e+14 2.79725e+14 2.60146e+14 2.84689e+14 2.95128e+14 2.79987e+14 2.79546e+14 2.61337e+11
 650000 3.18742e+14 3.23227e+14 3.2265e+14 2.9991e+14 3.28232e+14 3.40375e+14 3.22839e+14 3.22319e+14 2.62104e+11
 700000 3.62884e+14 3.68504e+14 3.67886e+14 3.41769e+14 3.74067e+14 3.87968e+14 3.67935e+14 3.67331e+14 2.62881e+11
 750000 4.09012e+14 4.1591e+14 4.15314e+14 3.85611e+14 4.22076e+14 4.37761e+14 4.1515e+14 4.14455e+14 2.63833e+11
 800000 4.57004e+14 4.65322e+14 4.64818e+14 4.31331e+14 4.72153e+14 4.89616e+14 4.64367e+14 4.63573e+14 2.64174e+11
 850000 5.06744e+14 5.16621e+14 5.16281e+14 4.78829e+14 5.24197e+14 5.43406e+14 5.15477e+14 5.14573e+14 2.63466e+11
 900000 5.58126e+14 5.69694e+14 5.69595e+14 5.28012e+14 5.78113e+14 5.99014e+14 5.68379e+14 5.6735e+14 2.64083e+11
 950000 6.11055e+14 6.24439e+14 6.24653e+14 5.78791e+14 6.33814e+14 6.56328e+14 6.22978e+14 6.21806e+14 2.64649e+11
 1e+06 6.65447e+14 6.80761e+14 6.81355e+14 6.3108e+14 6.91215e+14 7.15249e+14 6.79181e+14 6.77851e+14 2.65723e+11
 1e+06 6.65321e+14 6.85324e+14 6.80089e+14 6.31604e+14 6.87428e+14 7.22844e+14 6.80625e+14 6.7914e+14 1.94316e+10
 2e+06 1.96475e+15 2.03512e+15 2.04851e+15 1.88317e+15 2.09247e+15 2.128e+15 2.03454e+15 2.02718e+15 3.79261e+10
 3e+06 3.47128e+15 3.6348e+15 3.66803e+15 3.31101e+15 3.7537e+15 3.77853e+15 3.61441e+15 3.60519e+15 5.62272e+10
 4e+06 5.05776e+15 5.32114e+15 5.4247e+15 4.77603e+15 5.467e+15 5.57385e+15 5.27229e+15 5.27052e+15 7.33575e+10
 5e+06 6.692e+15 7.0224e+15 7.28747e+15 6.27229e+15 7.1981e+15 7.4364e+15 6.96893e+15 6.98161e+15 9.13146e+10
 6e+06 8.363e+15 8.65441e+15 9.18351e+15 7.80941e+15 8.96264e+15 9.32041e+15 8.69749e+15 8.71195e+15 1.0797e+11
 7e+06 1.00748e+16 1.02294e+16 1.10641e+16 9.36276e+15 1.07995e+16 1.1188e+16 1.04501e+16 1.04525e+16 1.25714e+11
 8e+06 1.17884e+16 1.17384e+16 1.29856e+16 1.09602e+16 1.27334e+16 1.30131e+16 1.22356e+16 1.22097e+16 1.45749e+11
 9e+06 1.34657e+16 1.31887e+16 1.49527e+16 1.2613e+16 1.47884e+16 1.47989e+16 1.40668e+16 1.39877e+16 1.64572e+11
 1e+07 1.51341e+16 1.46116e+16 1.6928e+16 1.4297e+16 1.69177e+16 1.65513e+16 1.5922e+16 1.57763e+16 1.82925e+11
 1.1e+07 1.67902e+16 1.60267e+16 1.89043e+16 1.59519e+16 1.91232e+16 1.82611e+16 1.77787e+16 1.75634e+16 1.99368e+11
 1.2e+07 1.84176e+16 1.74303e+16 2.08976e+16 1.7554e+16 2.14277e+16 1.99058e+16 1.96292e+16 1.93436e+16 2.17038e+11
 1.3e+07 2.00479e+16 1.88021e+16 2.28707e+16 1.91283e+16 2.38002e+16 2.15646e+16 2.14977e+16 2.11281e+16 2.34526e+11
 1.4e+07 2.17435e+16 2.01149e+16 2.47433e+16 2.06717e+16 2.61563e+16 2.33063e+16 2.33781e+16 2.29071e+16 2.51289e+11
 1.5e+07 2.35719e+16 2.14449e+16 2.66124e+16 2.22347e+16 2.84886e+16 2.5146e+16 2.52898e+16 2.47244e+16 2.70301e+11
 1.6e+07 2.55586e+16 2.28723e+16 2.85716e+16 2.38612e+16 3.08176e+16 2.70847e+16 2.72545e+16 2.66197e+16 2.90094e+11
 1.7e+07 2.76327e+16 2.43531e+16 3.0629e+16 2.55197e+16 3.31899e+16 2.90713e+16 2.92603e+16 2.85715e+16 3.11529e+11
 1.8e+07 2.97105e+16 2.5914e+16 3.27483e+16 2.71806e+16 3.56395e+16 3.10837e+16 3.13012e+16 3.05638e+16 3.30668e+11
 1.9e+07 3.18483e+16 2.75761e+16 3.49555e+16 2.88002e+16 3.81818e+16 3.31064e+16 3.33628e+16 3.26017e+16 3.49225e+11
 2e+07 3.40967e+16 2.93616e+16 3.73104e+16 3.04257e+16 4.08565e+16 3.50773e+16 3.54532e+16 3.47077e+16 3.65553e+11
 2e+07 3.51598e+16 3.02791e+16 4.02395e+16 3.53213e+16 3.83791e+16 3.20768e+16 3.52591e+16 3.52459e+16 2.85255e+11
 4e+07 9.21467e+16 6.28042e+16 8.36046e+16 6.28814e+16 1.07182e+17 7.19764e+16 8.068e+16 8.02154e+16 6.46661e+11
 6e+07 1.56104e+17 1.03616e+17 1.47156e+17 9.68852e+16 1.80438e+17 1.07911e+17 1.28411e+17 1.31297e+17 9.97916e+11
 8e+07 2.19081e+17 1.36359e+17 2.01024e+17 1.27126e+17 2.63853e+17 1.72108e+17 1.87696e+17 1.86813e+17 1.41546e+12
 1e+08 2.69777e+17 1.89605e+17 2.58583e+17 1.6998e+17 3.45037e+17 2.35909e+17 2.50308e+17 2.45914e+17 1.87101e+12
 1.2e+08 3.21356e+17 2.52892e+17 3.10658e+17 2.00695e+17 4.0778e+17 3.06562e+17 3.05012e+17 3.00995e+17 2.32992e+12
 1.4e+08 3.45839e+17 3.29285e+17 3.41469e+17 2.2313e+17 4.58577e+17 3.89753e+17 3.57153e+17 3.49838e+17 2.84204e+12
 1.6e+08 3.37077e+17 4.0387e+17 3.4959e+17 2.45999e+17 5.10806e+17 4.71273e+17 4.09359e+17 3.9102e+17 3.39517e+12
 1.8e+08 3.16654e+17 4.72148e+17 3.64856e+17 2.69557e+17 5.22023e+17 5.66437e+17 4.52672e+17 4.25424e+17 4.07834e+12
 2e+08 2.64125e+17 5.38503e+17 3.58609e+17 3.01797e+17 5.41015e+17 6.83069e+17 5.08627e+17 4.60008e+17 4.78177e+12
 2.2e+08 2.37286e+17 6.03534e+17 3.58357e+17 3.31112e+17 5.8985e+17 7.97568e+17 5.72843e+17 5.03596e+17 5.5571e+12
 2.4e+08 2.31689e+17 6.8589e+17 3.78824e+17 3.55545e+17 6.40949e+17 9.03647e+17 6.33381e+17 5.52882e+17 6.24371e+12
 2.6e+08 2.40398e+17 7.59883e+17 4.0751e+17 3.76947e+17 7.00637e+17 1.02898e+18 7.02189e+17 6.09019e+17 6.80993e+12
 2.8e+08 2.5513e+17 8.20372e+17 4.74268e+17 3.92496e+17 7.469e+17 1.15967e+18 7.66357e+17 6.6645e+17 7.09188e+12
 3e+08 2.95705e+17 8.83069e+17 5.42021e+17 3.87224e+17 8.02775e+17 1.29315e+18 8.27716e+17 7.26069e+17 7.39044e+12
 3.2e+08 3.57489e+17 9.42479e+17 6.1327e+17 3.90998e+17 8.79317e+17 1.44011e+18 9.03477e+17 7.97184e+17 7.56289e+12
 3.4e+08 4.33382e+17 1.01955e+18 6.69974e+17 3.87602e+17 9.74488e+17 1.5956e+18 9.85897e+17 8.74592e+17 7.42385e+12
 3.6e+08 4.94799e+17 1.10265e+18 7.15068e+17 4.11848e+17 1.09982e+18 1.78295e+18 1.09821e+18 9.67259e+17 7.27992e+12
 3.8e+08 5.37039e+17 1.17579e+18 7.22889e+17 4.00367e+17 1.22448e+18 1.9874e+18 1.20408e+18 1.04721e+18 7.3439e+12
 4e+08 5.55394e+17 1.23106e+18 7.1532e+17 4.33806e+17 1.28839e+18 2.18834e+18 1.30351e+18 1.11568e+18 7.10058e+12
 4e+08 8.78625e+16 1.48024e+18 9.62429e+17 7.55596e+17 7.36347e+17 8.28255e+17 7.73399e+17 8.01443e+17 1.1483e+13
 8e+08 1.84312e+16 6.69541e+17 9.10147e+17 1.69415e+18 2.59077e+18 2.76237e+18 2.3491e+18 1.62254e+18 1.03523e+12
