# Time-averaged data for fix AveAll
# TimeStep v_TotEn v_PotEn c_T c_P v_Dens
100000 11862.5 -0.479576 1990.88 0.999982 0.000244595
200000 11904.9 0.127978 1997.9 1.0156 0.000247465
300000 11752.8 -0.37957 1972.45 0.98511 0.000243229
400000 11943.4 0.639082 2004.28 1.00068 0.00024306
500000 11929.3 -0.419775 2002.08 1.01126 0.000246026
600000 11818.4 -0.426681 1983.48 0.998075 0.000245136
700000 11812.6 0.161681 1982.41 0.984778 0.000241796
800000 11874.6 -0.379539 1992.91 0.993969 0.000242946
900000 12002.3 -0.338959 2014.33 0.99902 0.000241609
1000000 11751.5 -0.00559643 1972.18 0.976437 0.000241156
1100000 11907.3 -0.391838 1998.38 1.00039 0.000243841
1200000 11893.9 -0.0975185 1996.09 1.0085 0.000246108
1300000 11921.2 -0.43752 2000.73 1.00565 0.000244831
1400000 11898.4 1.77261 1996.54 1.00125 0.000243951
1500000 11871.6 -0.183743 1992.37 0.993314 0.000242726
1600000 12076.3 0.513866 2026.6 1.00891 0.000242379
1700000 11973.4 -0.325757 2009.48 1.00305 0.000243071
1800000 12090.8 -0.457499 2029.2 1.02037 0.000244919
1900000 11864.9 -0.437431 1991.28 1.00616 0.000246136
2000000 11903.3 -0.462842 1997.74 1.00155 0.000244276
2100000 12020.2 -0.120757 2017.29 1.01769 0.000245784
2200000 11798.9 -0.200007 1980.17 1.0019 0.000246456
2300000 11729.9 -0.595138 1968.66 0.981815 0.000242861
2400000 11747.6 -0.313597 1971.58 0.993495 0.000245494
2500000 12009.4 -0.40936 2015.53 1.00702 0.00024335
2600000 12054.7 -0.338938 2023.12 1.02175 0.000245944
2700000 11916.8 -0.427736 2000 1.00194 0.000243964
2800000 11949.6 -0.0568899 2005.43 1.00876 0.000244935
2900000 11838.9 -0.532643 1986.93 0.99205 0.000243169
3000000 12006.6 -0.658569 2015.1 0.994095 0.000240246
3100000 11816.3 -0.34662 1983.12 1.00029 0.000245596
3200000 11883.3 -0.390163 1994.36 0.98546 0.000240658
3300000 11744.7 -0.40373 1971.11 0.985536 0.000243538
3400000 11789.4 -0.41325 1978.6 0.987511 0.000243057
3500000 11942 -0.400504 2004.21 1.00075 0.000243203
3600000 11912.8 -0.260989 1999.3 0.996192 0.000242639
3700000 12189.6 -0.216369 2045.75 1.00995 0.000240436
3800000 11863.9 -0.0161612 1991.05 0.990902 0.000242391
3900000 11797.4 -0.475444 1979.96 0.989938 0.000243533
4000000 11962.6 -0.46506 2007.69 1.01775 0.000246901
4100000 11919.2 -0.38803 2000.38 0.988937 0.000240787
4200000 11970.8 -0.32076 2009.03 1.0032 0.000243236
4300000 11887.2 -0.44873 1995.02 0.999501 0.000244031
4400000 11985.7 -0.584638 2011.57 0.996001 0.00024125
4500000 11778.8 0.120553 1976.74 0.987037 0.000243144
4600000 12061.3 -0.553288 2024.26 1.00941 0.000242825
4700000 11721.2 1.86379 1966.79 0.971274 0.000240235
4800000 11922.9 -0.381905 2001 1.00646 0.000244933
4900000 11899.3 -0.399911 1997.05 1.00262 0.000244505
5000000 11760.5 0.721335 1973.57 0.982697 0.000242298
5100000 12065.4 -0.381133 2024.93 1.02377 0.000246272
5200000 11783.5 -0.454755 1977.62 1.00192 0.000246776
5300000 11852.1 -0.33548 1989.11 1.01155 0.000247683
5400000 11868.2 -0.404591 1991.82 0.991098 0.000242446
5500000 11887.7 0.402626 1994.97 1.00126 0.000244349
5600000 11901.9 0.0188179 1997.41 0.991238 0.000241697
5700000 11961.1 -0.399179 2007.42 1.00949 0.000244954
5800000 11896.6 -0.401805 1996.6 0.996473 0.00024314
5900000 11920.9 -0.270157 2000.66 0.996496 0.00024274
6000000 11821.4 -0.252283 1983.95 1.00864 0.000247691
6100000 11918 -0.248253 2000.16 0.987413 0.000240484
6200000 11938.7 -0.235644 2003.64 0.996895 0.000242264
6300000 11882.2 -0.276987 1994.16 0.995739 0.000243181
6400000 11975.8 -0.0694018 2009.83 1.0073 0.000244116
6500000 11874.5 -0.36145 1992.88 0.991228 0.000242235
6600000 11812.1 0.76065 1982.22 0.997607 0.000245064
6700000 11911.2 -0.276773 1999.03 1.00333 0.000244537
6800000 11909.9 -0.548602 1998.86 1.00784 0.000245598
6900000 11828.9 -0.287378 1985.22 0.990137 0.000242916
7000000 12158.9 -0.194435 2040.58 1.03245 0.000246391
7100000 12007.8 -0.342315 2015.24 1.02143 0.000246829
7200000 11912.9 0.473534 1999.19 1.00455 0.000244538
7300000 11973.7 2.07867 2009.13 0.999646 0.000242013
7400000 11890.8 -0.352919 1995.61 1.00765 0.000245929
7500000 11847.1 -0.131217 1988.25 0.992952 0.000243165
7600000 11750.2 -0.367096 1972.03 0.989255 0.000244306
7700000 11900.4 -0.21393 1997.2 0.990299 0.000241497
7800000 11872.6 -0.520233 1992.58 0.983331 0.000240483
7900000 11888 -0.694348 1995.21 0.993811 0.000242571
8000000 12057.5 0.285458 2023.49 1.00853 0.000242552
8100000 11815.9 -0.552678 1983.07 0.998218 0.000245172
8200000 11870.2 -0.379966 1992.17 0.997648 0.000243878
8300000 11862.6 -0.464408 1990.9 0.996991 0.000243899
8400000 11877.5 -0.390018 1993.39 0.992601 0.000242548
8500000 11848.6 -0.489686 1988.55 1.00648 0.000246544
8600000 11997.7 -0.620795 2013.6 1.0098 0.000244324
8700000 11828.2 -0.360968 1985.11 0.990072 0.000242978
8800000 11973.4 -0.59384 2009.52 1.00496 0.000243562
8900000 11878.7 -0.434529 1993.59 1.00263 0.000244966
9000000 11836.4 0.432638 1986.35 0.975749 0.000239159
9100000 11912.7 -0.397933 1999.29 1.0205 0.000248505
9200000 11817.2 -0.575236 1983.31 0.977495 0.00024001
9300000 11873.9 -0.300404 1992.76 1.00002 0.000244414
9400000 11992.2 -0.450879 2012.66 1.00155 0.000242306
9500000 11662.5 0.3543 1957.17 0.977893 0.000243267
9600000 11884.9 -0.380204 1994.64 0.986777 0.000240951
9700000 11845.3 -0.0596995 1987.94 1.00067 0.000245115
9800000 11813.6 -0.67812 1982.72 0.98871 0.000242941
9900000 11966.7 -0.51759 2008.39 1.0031 0.000243282
10000000 12031.6 0.176914 2019.16 1.0093 0.000243348
