Ar
#NOTE: MSDs should be divided by the temperature.
#NOTE: MSDs have been divided by 2 or 10 (i.e., the viscosity computed from all components).
#Time	MSD_xx	MSD_yy	MSD_zz	MSD_xy	MSD_xz	MSD_yz	MSD_off	MSD_all	MSD_bulkvisc
 50000 2.44692e+12 2.57574e+12 2.45339e+12 2.38893e+12 2.48342e+12 2.35381e+12 2.40872e+12 2.44204e+12 9.83393e+08
 100000 9.58593e+12 1.0097e+13 9.61062e+12 9.34834e+12 9.73075e+12 9.21363e+12 9.4309e+12 9.56435e+12 2.51743e+11
 150000 2.11497e+13 2.22975e+13 2.12063e+13 2.0605e+13 2.14789e+13 2.03203e+13 2.08014e+13 2.11013e+13 2.5274e+11
 200000 3.68859e+13 3.89282e+13 3.69953e+13 3.58993e+13 3.74834e+13 3.54342e+13 3.62723e+13 3.68047e+13 2.53839e+11
 250000 5.65608e+13 5.97574e+13 5.67509e+13 5.49851e+13 5.75109e+13 5.43326e+13 5.56095e+13 5.64416e+13 2.54985e+11
 300000 7.99531e+13 8.45662e+13 8.02553e+13 7.76271e+13 8.13385e+13 7.68074e+13 7.8591e+13 7.97912e+13 2.56116e+11
 350000 1.0685e+14 1.13142e+14 1.07299e+14 1.03604e+14 1.08756e+14 1.02667e+14 1.05009e+14 1.06644e+14 2.57226e+11
 400000 1.37051e+14 1.45284e+14 1.37687e+14 1.32706e+14 1.39562e+14 1.31738e+14 1.34669e+14 1.36804e+14 2.5838e+11
 450000 1.70365e+14 1.80802e+14 1.71236e+14 1.6474e+14 1.73573e+14 1.63859e+14 1.67391e+14 1.70088e+14 2.59535e+11
 500000 2.06616e+14 2.19516e+14 2.0777e+14 1.99525e+14 2.10611e+14 1.98885e+14 2.03007e+14 2.06324e+14 2.60733e+11
 550000 2.45632e+14 2.61255e+14 2.47123e+14 2.36888e+14 2.50511e+14 2.3668e+14 2.4136e+14 2.4535e+14 2.61901e+11
 600000 2.87256e+14 3.05857e+14 2.89141e+14 2.7667e+14 2.93117e+14 2.77113e+14 2.823e+14 2.87014e+14 2.63079e+11
 650000 3.31334e+14 3.5317e+14 3.33678e+14 3.18723e+14 3.38287e+14 3.20061e+14 3.2569e+14 3.31172e+14 2.64251e+11
 700000 3.77725e+14 4.03049e+14 3.80595e+14 3.62906e+14 3.85884e+14 3.65406e+14 3.71399e+14 3.77688e+14 2.65296e+11
 750000 4.26295e+14 4.55358e+14 4.29768e+14 4.09082e+14 4.35783e+14 4.13035e+14 4.193e+14 4.26436e+14 2.66387e+11
 800000 4.76921e+14 5.09969e+14 4.81075e+14 4.57126e+14 4.87862e+14 4.62837e+14 4.69275e+14 4.77294e+14 2.67418e+11
 850000 5.29487e+14 5.66761e+14 5.34404e+14 5.06924e+14 5.42005e+14 5.14705e+14 5.21211e+14 5.30147e+14 2.68592e+11
 900000 5.83876e+14 6.25614e+14 5.89638e+14 5.58363e+14 5.98102e+14 5.68542e+14 5.75002e+14 5.84885e+14 2.69763e+11
 950000 6.39972e+14 6.86409e+14 6.46665e+14 6.11337e+14 6.56049e+14 6.24256e+14 6.30547e+14 6.41401e+14 2.70815e+11
 1e+06 6.97665e+14 7.49027e+14 7.05371e+14 6.65747e+14 7.15747e+14 6.8176e+14 6.87751e+14 6.99593e+14 2.71989e+11
 1e+06 6.98365e+14 7.51635e+14 7.02126e+14 6.7018e+14 7.08478e+14 6.74664e+14 6.8444e+14 6.97614e+14 2.15798e+10
 2e+06 2.0729e+15 2.25215e+15 2.09901e+15 1.94947e+15 2.15407e+15 2.0953e+15 2.06628e+15 2.09631e+15 4.36406e+10
 3e+06 3.64837e+15 3.99003e+15 3.66068e+15 3.37813e+15 3.83256e+15 3.79059e+15 3.66709e+15 3.7068e+15 6.58175e+10
 4e+06 5.2568e+15 5.84215e+15 5.23778e+15 4.84542e+15 5.53292e+15 5.52534e+15 5.30123e+15 5.35897e+15 8.84361e+10
 5e+06 6.87737e+15 7.79376e+15 6.84681e+15 6.31748e+15 7.19413e+15 7.20757e+15 6.90639e+15 7.01289e+15 1.09193e+11
 6e+06 8.56155e+15 9.78867e+15 8.50665e+15 7.79961e+15 8.84261e+15 8.80763e+15 8.48328e+15 8.67089e+15 1.30091e+11
 7e+06 1.0324e+16 1.17665e+16 1.0171e+16 9.29733e+15 1.05024e+16 1.03151e+16 1.00383e+16 1.03245e+16 1.50543e+11
 8e+06 1.21316e+16 1.37082e+16 1.1828e+16 1.08474e+16 1.21336e+16 1.17626e+16 1.15812e+16 1.19711e+16 1.70028e+11
 9e+06 1.39619e+16 1.55737e+16 1.34831e+16 1.25098e+16 1.3733e+16 1.31863e+16 1.31431e+16 1.36217e+16 1.88574e+11
 1e+07 1.58547e+16 1.7335e+16 1.51327e+16 1.43516e+16 1.52794e+16 1.45967e+16 1.47425e+16 1.52885e+16 2.06868e+11
 1.1e+07 1.7805e+16 1.90121e+16 1.67291e+16 1.63473e+16 1.6796e+16 1.60178e+16 1.6387e+16 1.69717e+16 2.25962e+11
 1.2e+07 1.97763e+16 2.06424e+16 1.82487e+16 1.84478e+16 1.83401e+16 1.74235e+16 1.80705e+16 1.86646e+16 2.46325e+11
 1.3e+07 2.17357e+16 2.22734e+16 1.97102e+16 2.05801e+16 1.9902e+16 1.88112e+16 1.97644e+16 2.03546e+16 2.67521e+11
 1.4e+07 2.36448e+16 2.38873e+16 2.11425e+16 2.2691e+16 2.14882e+16 2.02336e+16 2.14709e+16 2.20392e+16 2.90012e+11
 1.5e+07 2.54868e+16 2.54991e+16 2.26612e+16 2.47579e+16 2.3111e+16 2.16948e+16 2.31879e+16 2.37324e+16 3.14603e+11
 1.6e+07 2.73113e+16 2.71569e+16 2.42546e+16 2.6756e+16 2.48058e+16 2.31676e+16 2.49098e+16 2.54423e+16 3.3948e+11
 1.7e+07 2.9155e+16 2.89043e+16 2.58899e+16 2.87154e+16 2.65626e+16 2.46508e+16 2.66429e+16 2.7179e+16 3.64048e+11
 1.8e+07 3.0987e+16 3.07165e+16 2.75148e+16 3.06565e+16 2.83557e+16 2.61589e+16 2.83904e+16 2.893e+16 3.88762e+11
 1.9e+07 3.2742e+16 3.24988e+16 2.9087e+16 3.26222e+16 3.01738e+16 2.77335e+16 3.01765e+16 3.06829e+16 4.1169e+11
 2e+07 3.4422e+16 3.42368e+16 3.059e+16 3.46113e+16 3.20334e+16 2.93599e+16 3.20015e+16 3.24341e+16 4.32355e+11
 2e+07 3.74413e+16 3.03214e+16 2.80952e+16 2.7963e+16 3.54896e+16 2.53997e+16 2.96175e+16 3.05515e+16 3.77765e+11
 4e+07 6.7033e+16 7.25327e+16 5.71567e+16 5.89098e+16 6.90422e+16 4.73932e+16 5.84484e+16 6.12987e+16 7.7355e+11
 6e+07 8.91831e+16 1.04246e+17 8.29405e+16 8.90613e+16 9.35725e+16 7.30761e+16 8.52366e+16 8.79913e+16 1.11025e+12
 8e+07 1.0209e+17 1.36458e+17 1.12912e+17 1.07961e+17 1.38525e+17 9.88316e+16 1.15106e+17 1.15925e+17 1.30594e+12
 1e+08 9.93837e+16 1.62733e+17 1.34903e+17 1.22514e+17 1.90772e+17 1.1496e+17 1.42748e+17 1.38585e+17 1.60721e+12
 1.2e+08 9.94473e+16 1.99888e+17 1.59418e+17 1.36001e+17 2.40502e+17 1.39296e+17 1.71933e+17 1.64327e+17 2.01404e+12
 1.4e+08 1.04525e+17 2.50098e+17 1.81216e+17 1.62211e+17 2.90561e+17 1.53285e+17 2.02019e+17 1.92657e+17 2.20085e+12
 1.6e+08 1.27337e+17 2.88252e+17 2.02146e+17 1.87469e+17 3.52278e+17 1.55099e+17 2.31615e+17 2.21334e+17 2.17706e+12
 1.8e+08 1.36543e+17 3.22646e+17 2.4036e+17 2.01252e+17 4.25128e+17 1.47853e+17 2.58078e+17 2.4812e+17 2.22473e+12
 2e+08 1.38244e+17 3.71774e+17 2.81185e+17 2.05068e+17 5.07799e+17 1.45836e+17 2.86234e+17 2.77234e+17 2.2965e+12
 2.2e+08 1.27399e+17 4.25521e+17 3.21589e+17 2.0482e+17 6.02312e+17 1.5582e+17 3.20984e+17 3.09192e+17 2.27025e+12
 2.4e+08 1.31963e+17 5.04203e+17 3.57481e+17 2.29875e+17 6.89764e+17 1.63357e+17 3.60999e+17 3.49086e+17 2.33786e+12
 2.6e+08 1.29142e+17 5.59723e+17 3.78365e+17 2.57939e+17 7.81097e+17 1.81563e+17 4.06866e+17 3.86417e+17 2.13787e+12
 2.8e+08 1.28788e+17 5.7749e+17 4.08317e+17 2.83936e+17 8.68291e+17 2.11818e+17 4.54682e+17 4.21422e+17 2.09276e+12
 3e+08 1.31033e+17 5.79535e+17 4.10321e+17 2.87233e+17 9.41367e+17 2.52858e+17 4.93819e+17 4.45743e+17 1.84489e+12
 3.2e+08 1.59827e+17 5.94871e+17 4.09838e+17 2.72781e+17 1.02493e+18 2.93835e+17 5.30515e+17 4.73581e+17 1.83993e+12
 3.4e+08 1.67395e+17 6.41073e+17 4.20917e+17 2.70319e+17 1.10242e+18 3.40919e+17 5.71219e+17 5.0665e+17 1.93145e+12
 3.6e+08 1.74076e+17 6.77274e+17 4.16864e+17 2.81725e+17 1.16512e+18 3.65488e+17 6.04113e+17 5.31563e+17 1.95699e+12
 3.8e+08 1.75374e+17 7.0894e+17 3.91407e+17 2.90607e+17 1.21057e+18 3.9456e+17 6.31911e+17 5.49243e+17 2.11913e+12
 4e+08 1.59931e+17 7.36818e+17 3.84685e+17 2.7654e+17 1.25758e+18 4.20655e+17 6.5159e+17 5.61812e+17 2.34896e+12
 4e+08 7.48654e+17 2.33021e+18 4.38878e+17 5.41602e+16 5.18086e+17 3.05951e+17 2.92732e+17 6.44672e+17 3.82885e+12
 8e+08 2.24328e+18 6.69368e+18 1.18692e+18 1.94491e+17 6.18323e+17 1.21204e+18 6.74953e+17 1.75482e+18 6.34889e+12
