Ar
#NOTE: MSDs should be divided by the temperature.
#NOTE: MSDs have been divided by 2 or 10 (i.e., the viscosity computed from all components).
#Time	MSD_xx	MSD_yy	MSD_zz	MSD_xy	MSD_xz	MSD_yz	MSD_off	MSD_all	MSD_bulkvisc
 50000 7.54403e+12 7.50638e+12 7.07659e+12 8.23532e+12 7.41178e+12 7.08393e+12 7.57701e+12 7.49647e+12 2.81067e+08
 100000 2.98979e+13 2.97467e+13 2.80249e+13 3.26613e+13 2.93623e+13 2.80532e+13 3.00256e+13 2.97046e+13 3.75214e+11
 150000 6.66863e+13 6.63461e+13 6.24645e+13 7.28991e+13 6.54671e+13 6.25231e+13 6.69631e+13 6.62441e+13 3.75492e+11
 200000 1.17544e+14 1.16938e+14 1.1002e+14 1.28582e+14 1.1535e+14 1.10113e+14 1.18015e+14 1.16743e+14 3.75843e+11
 250000 1.82114e+14 1.81166e+14 1.70327e+14 1.99353e+14 1.78644e+14 1.70454e+14 1.82817e+14 1.80838e+14 3.76191e+11
 300000 2.60048e+14 2.58683e+14 2.43029e+14 2.84858e+14 2.54987e+14 2.43188e+14 2.61011e+14 2.58174e+14 3.76536e+11
 350000 3.51005e+14 3.49155e+14 3.27775e+14 3.84754e+14 3.4403e+14 3.27969e+14 3.52251e+14 3.48409e+14 3.76883e+11
 400000 4.54655e+14 4.52254e+14 4.24229e+14 4.98706e+14 4.45443e+14 4.24465e+14 4.56204e+14 4.51208e+14 3.7723e+11
 450000 5.70675e+14 5.67661e+14 5.32062e+14 6.26384e+14 5.58908e+14 5.3235e+14 5.72547e+14 5.66248e+14 3.77485e+11
 500000 6.98751e+14 6.95064e+14 6.50962e+14 7.67469e+14 6.84115e+14 6.51312e+14 7.00965e+14 6.93216e+14 3.77816e+11
 550000 8.38578e+14 8.34159e+14 7.80623e+14 9.21648e+14 8.20758e+14 7.81051e+14 8.41152e+14 8.31806e+14 3.77672e+11
 600000 9.89855e+14 9.84642e+14 9.20755e+14 1.08862e+15 9.68539e+14 9.21276e+14 9.92812e+14 9.81721e+14 3.78009e+11
 650000 1.1523e+15 1.14622e+15 1.07107e+15 1.26809e+15 1.12716e+15 1.0717e+15 1.15565e+15 1.14267e+15 3.78337e+11
 700000 1.32562e+15 1.31862e+15 1.23129e+15 1.45977e+15 1.29634e+15 1.23205e+15 1.32939e+15 1.31437e+15 3.78666e+11
 750000 1.50955e+15 1.50155e+15 1.40114e+15 1.66338e+15 1.4758e+15 1.40204e+15 1.51374e+15 1.49654e+15 3.78997e+11
 800000 1.70383e+15 1.69475e+15 1.58035e+15 1.87863e+15 1.66528e+15 1.5814e+15 1.70844e+15 1.68892e+15 3.79326e+11
 850000 1.9082e+15 1.89795e+15 1.76867e+15 2.10526e+15 1.8645e+15 1.76988e+15 1.91322e+15 1.89124e+15 3.7966e+11
 900000 2.12242e+15 2.11089e+15 1.96584e+15 2.34301e+15 2.07322e+15 1.96722e+15 2.12782e+15 2.10324e+15 3.7999e+11
 950000 2.34624e+15 2.33331e+15 2.17162e+15 2.59161e+15 2.2912e+15 2.17318e+15 2.352e+15 2.32469e+15 3.80318e+11
 1e+06 2.57943e+15 2.56495e+15 2.38576e+15 2.85082e+15 2.5182e+15 2.3875e+15 2.58551e+15 2.55532e+15 3.8064e+11
 1e+06 2.57433e+15 2.55204e+15 2.38603e+15 2.85406e+15 2.51158e+15 2.38153e+15 2.58239e+15 2.55109e+15 6.0293e+09
 2e+06 8.8719e+15 8.77214e+15 8.10436e+15 9.92567e+15 8.63269e+15 8.12983e+15 8.89606e+15 8.77076e+15 1.18066e+10
 3e+06 1.73737e+16 1.70895e+16 1.57195e+16 1.96296e+16 1.69342e+16 1.58863e+16 1.74834e+16 1.7181e+16 1.72962e+10
 4e+06 2.70688e+16 2.65729e+16 2.44142e+16 3.10162e+16 2.65733e+16 2.4912e+16 2.75005e+16 2.69078e+16 2.23485e+10
 5e+06 3.72857e+16 3.66556e+16 3.37117e+16 4.35144e+16 3.70162e+16 3.47333e+16 3.84213e+16 3.74065e+16 2.74424e+10
 6e+06 4.7775e+16 4.70013e+16 4.33077e+16 5.66506e+16 4.79892e+16 4.49666e+16 4.98688e+16 4.83325e+16 3.21517e+10
 7e+06 5.84425e+16 5.7307e+16 5.29934e+16 7.00512e+16 5.94176e+16 5.53819e+16 6.16169e+16 5.94692e+16 3.66569e+10
 8e+06 6.91637e+16 6.74579e+16 6.26859e+16 8.35597e+16 7.12049e+16 6.58519e+16 7.35388e+16 7.06976e+16 4.16174e+10
 9e+06 7.98736e+16 7.74494e+16 7.2345e+16 9.71412e+16 8.31758e+16 7.63199e+16 8.55456e+16 8.19498e+16 4.57268e+10
 1e+07 9.05497e+16 8.73793e+16 8.19093e+16 1.10778e+17 9.52547e+16 8.6782e+16 9.76048e+16 9.3208e+16 4.95453e+10
 1.1e+07 1.01152e+17 9.73302e+16 9.12605e+16 1.24373e+17 1.07385e+17 9.72069e+16 1.09655e+17 1.04425e+17 5.34238e+10
 1.2e+07 1.11637e+17 1.07419e+17 1.00353e+17 1.3784e+17 1.19455e+17 1.07451e+17 1.21582e+17 1.15537e+17 5.72911e+10
 1.3e+07 1.21972e+17 1.17747e+17 1.09269e+17 1.511e+17 1.31421e+17 1.17362e+17 1.33295e+17 1.26508e+17 6.11766e+10
 1.4e+07 1.32091e+17 1.2839e+17 1.18097e+17 1.6417e+17 1.43389e+17 1.26952e+17 1.44837e+17 1.37379e+17 6.49159e+10
 1.5e+07 1.42029e+17 1.3931e+17 1.26813e+17 1.77094e+17 1.55476e+17 1.36369e+17 1.56313e+17 1.48208e+17 6.86044e+10
 1.6e+07 1.51817e+17 1.5043e+17 1.35329e+17 1.89942e+17 1.67821e+17 1.45712e+17 1.67825e+17 1.59039e+17 7.21961e+10
 1.7e+07 1.61495e+17 1.61732e+17 1.43614e+17 2.02733e+17 1.80523e+17 1.54951e+17 1.79402e+17 1.69887e+17 7.5773e+10
 1.8e+07 1.7112e+17 1.73155e+17 1.51725e+17 2.1545e+17 1.93583e+17 1.64115e+17 1.9105e+17 1.80763e+17 7.96046e+10
 1.9e+07 1.80648e+17 1.84612e+17 1.59735e+17 2.28099e+17 2.06893e+17 1.73266e+17 2.02753e+17 1.91651e+17 8.32415e+10
 2e+07 1.90062e+17 1.96039e+17 1.67661e+17 2.40565e+17 2.20324e+17 1.82381e+17 2.14423e+17 2.02489e+17 8.68686e+10
 2e+07 1.97515e+17 2.00447e+17 1.76913e+17 2.23189e+17 2.06376e+17 1.72195e+17 2.00587e+17 1.97002e+17 8.7654e+10
 4e+07 3.93977e+17 4.49292e+17 2.99419e+17 4.77582e+17 4.66064e+17 3.25022e+17 4.22889e+17 4.06092e+17 1.72578e+11
 6e+07 5.97368e+17 6.812e+17 4.36845e+17 6.61587e+17 7.37287e+17 5.28212e+17 6.42362e+17 6.14139e+17 2.56159e+11
 8e+07 8.24331e+17 8.86381e+17 5.72379e+17 7.94701e+17 1.00742e+18 7.61024e+17 8.54382e+17 8.17041e+17 3.25271e+11
 1e+08 1.06089e+18 1.11463e+18 6.75186e+17 1.0065e+18 1.25251e+18 9.85798e+17 1.0816e+18 1.02906e+18 3.96418e+11
 1.2e+08 1.29572e+18 1.35378e+18 8.23969e+17 1.17335e+18 1.43121e+18 1.26692e+18 1.29049e+18 1.23742e+18 4.87199e+11
 1.4e+08 1.51961e+18 1.54253e+18 9.60269e+17 1.28493e+18 1.63344e+18 1.55636e+18 1.49158e+18 1.43127e+18 5.8182e+11
 1.6e+08 1.70957e+18 1.71252e+18 1.10535e+18 1.42533e+18 1.88755e+18 1.88402e+18 1.7323e+18 1.64304e+18 6.92236e+11
 1.8e+08 1.87991e+18 1.87301e+18 1.23882e+18 1.54169e+18 2.10695e+18 2.23052e+18 1.95972e+18 1.8414e+18 7.78985e+11
 2e+08 2.05288e+18 2.0354e+18 1.34602e+18 1.61371e+18 2.27842e+18 2.59692e+18 2.16301e+18 2.02238e+18 8.37962e+11
 2.2e+08 2.17973e+18 2.21218e+18 1.44003e+18 1.66752e+18 2.47596e+18 2.94155e+18 2.36168e+18 2.1946e+18 8.96194e+11
 2.4e+08 2.27322e+18 2.46205e+18 1.52223e+18 1.78357e+18 2.63416e+18 3.29068e+18 2.56947e+18 2.37601e+18 9.44681e+11
 2.6e+08 2.39929e+18 2.70661e+18 1.57152e+18 1.86507e+18 2.7549e+18 3.66056e+18 2.76018e+18 2.54643e+18 9.90144e+11
 2.8e+08 2.56692e+18 2.99651e+18 1.6223e+18 1.92692e+18 2.93687e+18 4.01025e+18 2.95801e+18 2.73291e+18 9.90768e+11
 3e+08 2.74109e+18 3.30113e+18 1.69911e+18 1.90916e+18 3.14409e+18 4.3799e+18 3.14438e+18 2.91881e+18 9.81166e+11
 3.2e+08 2.90915e+18 3.68741e+18 1.77519e+18 1.90562e+18 3.40896e+18 4.72647e+18 3.34701e+18 3.12444e+18 9.7627e+11
 3.4e+08 3.11833e+18 4.07234e+18 1.86592e+18 1.85851e+18 3.7197e+18 5.06383e+18 3.54735e+18 3.33595e+18 9.74733e+11
 3.6e+08 3.32105e+18 4.45894e+18 1.93825e+18 1.80813e+18 4.04347e+18 5.3841e+18 3.74523e+18 3.54291e+18 9.73485e+11
 3.8e+08 3.4768e+18 4.71681e+18 1.99258e+18 1.70754e+18 4.35382e+18 5.67776e+18 3.91304e+18 3.70598e+18 9.36136e+11
 4e+08 3.57367e+18 4.95602e+18 2.15395e+18 1.57974e+18 4.67452e+18 5.9291e+18 4.06112e+18 3.86116e+18 9.0714e+11
 4e+08 2.22701e+18 3.43872e+18 4.02168e+18 1.62272e+18 1.49728e+18 3.99274e+18 2.37091e+18 2.7142e+18 1.78567e+12
 8e+08 4.96461e+18 6.01537e+18 6.6395e+18 3.59069e+18 5.00013e+18 4.13771e+18 4.24284e+18 4.89497e+18 7.1972e+11
 1.2e+09 6.49801e+18 7.682e+18 2.13813e+18 5.59473e+18 6.94378e+18 6.18766e+18 6.24206e+18 5.92099e+18 1.10301e+12
 1.6e+09 5.33664e+18 1.39745e+19 2.03957e+18 8.81536e+18 9.8642e+18 1.47188e+19 1.11328e+19 9.52643e+18 2.63616e+12
 2e+09 2.00118e+18 1.2477e+19 4.48442e+18 7.3112e+18 1.50442e+19 1.12756e+19 1.12103e+19 9.25454e+18 1.25356e+12
