# Time-averaged data for fix AveAll
# TimeStep v_TotEn v_PotEn c_T c_P v_Dens
100000 17807 -0.244718 2988.47 0.99605 0.000162339
200000 17879.7 -0.16759 3000.67 1.00463 0.000163079
300000 17678 -0.157004 2966.81 0.98738 0.000162115
400000 18195.9 -0.225176 3053.74 1.01833 0.000162339
500000 17862.6 0.195673 2997.74 0.97543 0.000158446
600000 17967.7 -0.110172 3015.43 1.00766 0.000162715
700000 17807.6 -0.218584 2988.57 0.981412 0.000159918
800000 17734.3 -0.116077 2976.25 0.989682 0.000161998
900000 17905.7 0.174791 3004.97 0.984499 0.000159559
1000000 17760.9 0.527869 2980.61 0.991247 0.000161963
1100000 17670.3 -0.00919578 2965.49 1.00666 0.000165325
1200000 17835.1 0.0563894 2993.13 0.992522 0.000161601
1300000 17782.8 -0.0588537 2984.38 0.983111 0.000160436
1400000 17937.1 -0.0810022 3010.29 0.997675 0.000161439
1500000 17821.9 0.857826 2990.79 0.997606 0.000162387
1600000 18098.7 -0.247142 3037.43 1.0125 0.000162382
1700000 17459.3 -0.171036 2930.12 0.980953 0.000163058
1800000 17782.7 -0.107719 2984.38 0.980828 0.000160076
1900000 17929 -0.0567549 3008.92 1.00223 0.000162215
2000000 17894.7 -0.243493 3003.19 1.00885 0.000163629
2100000 18057.4 1.26383 3030.25 1.01463 0.000162985
2200000 17903.3 -0.282039 3004.64 1.01141 0.000163986
2300000 17865.5 0.175987 2998.22 0.984597 0.000159915
2400000 17795.3 -0.097542 2986.48 0.981706 0.000160077
2500000 17843.1 -0.203198 2994.53 1.00396 0.000163321
2600000 17990.5 0.395908 3019.17 1.00927 0.000162791
2700000 17924.7 -0.13536 3008.21 1.01352 0.000164095
2800000 17783.4 -0.205672 2984.51 0.993892 0.000162204
2900000 17774.3 -0.193291 2982.97 0.998722 0.000163065
3000000 17754.2 0.446351 2979.49 0.994676 0.000162552
3100000 17805.1 -0.250177 2988.15 1.00593 0.000163951
3200000 17704.9 -0.0907384 2971.31 0.994056 0.000162992
3300000 17806.8 -0.131919 2988.42 0.985879 0.000160647
3400000 17776.2 0.466837 2983.19 0.983063 0.000160453
3500000 17727.9 0.138075 2975.13 0.978013 0.000160058
3600000 17746 -0.372821 2978.25 0.997609 0.000163166
3700000 17949 -0.0409643 3012.28 1.00199 0.000161999
3800000 17816.1 -0.0724908 2989.98 0.992676 0.000161722
3900000 17925 0.119593 3008.22 1.01222 0.000163863
4000000 17793.9 0.566858 2986.13 0.994938 0.000162236
4100000 17836 -0.116482 2993.32 1.00159 0.000162958
4200000 17733.4 -0.184705 2976.1 0.987804 0.000161643
4300000 17848 1.14347 2995.13 0.990643 0.000160983
4400000 18085.3 -0.0447398 3035.15 1.02087 0.000163812
4500000 17711.1 1.57417 2972.08 1.00023 0.00016382
4600000 17670.6 -0.283462 2965.59 0.988324 0.000162323
4700000 17968.8 0.0349823 3015.58 1.00358 0.000162039
4800000 18199.9 -0.207222 3054.41 1.01653 0.000162102
4900000 17736.5 -0.229543 2976.64 0.99895 0.000163496
5000000 17996.7 -0.22932 3020.3 1.0036 0.000161833
5100000 17947.6 2.78987 3011.56 1.01215 0.00016357
5200000 17740.8 1.93689 2977 0.994025 0.000162532
5300000 17856.3 -0.0897596 2996.72 1.00954 0.000164115
5400000 17880.1 -0.154646 3000.73 1.01159 0.000164192
5500000 17739.1 -0.226565 2977.07 1.00718 0.000164648
5600000 18153.9 -0.0272801 3046.66 1.01942 0.000162953
5700000 17909.5 -0.249552 3005.68 0.989424 0.000160371
5800000 17729.2 -0.305849 2975.42 0.986708 0.000161507
5900000 18003.2 -0.327389 3021.42 0.99824 0.000160954
6000000 17726.2 -0.224906 2974.91 0.997939 0.0001634
6100000 18039.2 0.516321 3027.31 1.01613 0.000163436
6200000 17741 -0.0654525 2977.38 0.981179 0.000160533
6300000 18083.2 -0.0412257 3034.8 1.00842 0.00016187
6400000 18074 -0.453098 3033.32 1.02645 0.000164844
6500000 17847.6 -0.522658 2995.34 0.995799 0.000161922
6600000 17841 -0.236824 2994.18 1.01107 0.00016452
6700000 17799.9 -0.141781 2987.27 1.00641 0.000164086
6800000 17886.8 0.339974 3001.77 1.0029 0.000162701
6900000 17885.9 -0.239312 3001.71 1.01511 0.000164749
7000000 17905.1 -0.183455 3004.93 0.995424 0.000161389
7100000 17999.9 -0.176488 3020.84 1.016 0.000163791
7200000 17796.8 -0.116792 2986.74 0.993762 0.000162049
7300000 17747.5 0.162707 2978.42 0.977143 0.000159765
7400000 17880.3 0.445814 3000.66 0.99536 0.000161514
7500000 17887.9 -0.140123 3002.03 0.994554 0.000161361
7600000 17957.2 0.163326 3013.61 1.01186 0.000163452
7700000 17717 0.0324937 2973.32 0.992271 0.000162502
7800000 17977 -0.201218 3016.99 1.00679 0.000162538
7900000 17963.9 0.30884 3014.72 1.00122 0.000161697
8000000 17755.4 0.0386934 2979.78 0.995648 0.000162712
8100000 17786.2 -0.211033 2984.97 0.999482 0.000163087
8200000 17982 -0.189135 3017.84 1.00058 0.000161464
8300000 17915.7 -0.19437 3006.71 0.998733 0.000161777
8400000 17875.7 -0.123706 2999.98 1.01045 0.000164081
8500000 18176.3 -0.0159748 3050.41 1.01925 0.00016274
8600000 17852.3 -0.181455 2996.07 1.01383 0.000164799
8700000 17988.5 -0.20313 3018.94 0.996901 0.000160855
8800000 17717.9 -0.268062 2973.53 1.00178 0.000164091
8900000 18046 -0.106439 3028.56 1.00991 0.000162434
9000000 17833.9 -0.152695 2992.97 0.987243 0.000160641
9100000 17805.7 0.679409 2988.1 0.992609 0.000161734
9200000 17968.2 -0.0654949 3015.5 1.01119 0.000163339
9300000 17780.2 -0.0627726 2983.95 0.99867 0.000163005
9400000 17753.2 -0.194039 2979.44 0.998875 0.000163277
9500000 17906.4 -0.281737 3005.16 0.987558 0.000160082
9600000 17884.4 -0.192156 3001.46 0.994887 0.000161463
9700000 17828.2 -0.137914 2992.01 1.00419 0.000163456
9800000 17808.2 -0.168781 2988.66 0.994675 0.000162124
9900000 17934.9 -0.0975837 3009.91 1.00696 0.000162943
10000000 18038.5 0.747493 3027.17 1.01061 0.000162587
