Ar
#NOTE: MSDs should be divided by the temperature.
#NOTE: MSDs have been divided by 2 or 10 (i.e., the viscosity computed from all components).
#Time	MSD_xx	MSD_yy	MSD_zz	MSD_xy	MSD_xz	MSD_yz	MSD_off	MSD_all	MSD_bulkvisc
 50000 1.32415e+13 1.44145e+13 1.40547e+13 1.34799e+13 1.37184e+13 1.29607e+13 1.33863e+13 1.35932e+13 2.6252e+08
 100000 5.26086e+13 5.72947e+13 5.58596e+13 5.35599e+13 5.45148e+13 5.14809e+13 5.31852e+13 5.40128e+13 5.22131e+10
 150000 1.17625e+14 1.2815e+14 1.24923e+14 1.19764e+14 1.21903e+14 1.15069e+14 1.18912e+14 1.20774e+14 5.24822e+10
 200000 2.07827e+14 2.26497e+14 2.20758e+14 2.11631e+14 2.15405e+14 2.0324e+14 2.10092e+14 2.134e+14 5.27656e+10
 250000 3.22764e+14 3.51869e+14 3.42883e+14 3.28713e+14 3.34556e+14 3.15525e+14 3.26265e+14 3.31428e+14 5.30532e+10
 300000 4.61998e+14 5.03806e+14 4.90829e+14 4.70569e+14 4.789e+14 4.51466e+14 4.66978e+14 4.74405e+14 5.33473e+10
 350000 6.25103e+14 6.81861e+14 6.64142e+14 6.36769e+14 6.47987e+14 6.10622e+14 6.31793e+14 6.4189e+14 5.36303e+10
 400000 8.1166e+14 8.8559e+14 8.62379e+14 8.26885e+14 8.41375e+14 7.92563e+14 8.20274e+14 8.33448e+14 5.39236e+10
 450000 1.02126e+15 1.11455e+15 1.0851e+15 1.04049e+15 1.05863e+15 9.9687e+14 1.03199e+15 1.04865e+15 5.42046e+10
 500000 1.2535e+15 1.36831e+15 1.33187e+15 1.27716e+15 1.29931e+15 1.22314e+15 1.26654e+15 1.28708e+15 5.44745e+10
 550000 1.50798e+15 1.64643e+15 1.60226e+15 1.53649e+15 1.56302e+15 1.47097e+15 1.52349e+15 1.54832e+15 5.47725e+10
 600000 1.78431e+15 1.94847e+15 1.89586e+15 1.81807e+15 1.84935e+15 1.73997e+15 1.80246e+15 1.83196e+15 5.50666e+10
 650000 2.08211e+15 2.27402e+15 2.21227e+15 2.12152e+15 2.1579e+15 2.02977e+15 2.10306e+15 2.13762e+15 5.53466e+10
 700000 2.40101e+15 2.62266e+15 2.55108e+15 2.44643e+15 2.48827e+15 2.33998e+15 2.42489e+15 2.4649e+15 5.56385e+10
 750000 2.74063e+15 2.99399e+15 2.91191e+15 2.7924e+15 2.84011e+15 2.67024e+15 2.76759e+15 2.81342e+15 5.5923e+10
 800000 3.10062e+15 3.38762e+15 3.2944e+15 3.15906e+15 3.21304e+15 3.0202e+15 3.13077e+15 3.18281e+15 5.62069e+10
 850000 3.48063e+15 3.80316e+15 3.69818e+15 3.54601e+15 3.6067e+15 3.3895e+15 3.51407e+15 3.57271e+15 5.64812e+10
 900000 3.88033e+15 4.24024e+15 4.12289e+15 3.95289e+15 4.02075e+15 3.77781e+15 3.91715e+15 3.98275e+15 5.67494e+10
 950000 4.29941e+15 4.69849e+15 4.56818e+15 4.3793e+15 4.45484e+15 4.18484e+15 4.33966e+15 4.41261e+15 5.70152e+10
 1e+06 4.73752e+15 5.17755e+15 5.0337e+15 4.8249e+15 4.90863e+15 4.61026e+15 4.78126e+15 4.86193e+15 5.73308e+10
 1e+06 4.74193e+15 5.17561e+15 5.0397e+15 4.83033e+15 4.90849e+15 4.5939e+15 4.77758e+15 4.86084e+15 5.63099e+09
 2e+06 1.7073e+16 1.86423e+16 1.80985e+16 1.72521e+16 1.76714e+16 1.6529e+16 1.71508e+16 1.74657e+16 1.16942e+10
 3e+06 3.48991e+16 3.80704e+16 3.68359e+16 3.47721e+16 3.61073e+16 3.36542e+16 3.48445e+16 3.55474e+16 1.80231e+10
 4e+06 5.67068e+16 6.17205e+16 5.95528e+16 5.57078e+16 5.86932e+16 5.44049e+16 5.62686e+16 5.74919e+16 2.42941e+10
 5e+06 8.14135e+16 8.81568e+16 8.497e+16 7.90123e+16 8.44935e+16 7.76439e+16 8.03832e+16 8.21686e+16 3.03291e+10
 6e+06 1.08332e+17 1.16315e+17 1.12237e+17 1.04047e+17 1.12942e+17 1.02725e+17 1.06571e+17 1.08861e+17 3.66769e+10
 7e+06 1.37129e+17 1.45691e+17 1.40967e+17 1.3027e+17 1.43601e+17 1.29219e+17 1.34363e+17 1.37123e+17 4.33816e+10
 8e+06 1.6736e+17 1.76026e+17 1.70784e+17 1.57285e+17 1.75939e+17 1.56819e+17 1.63348e+17 1.66565e+17 5.03257e+10
 9e+06 1.98655e+17 2.07135e+17 2.01468e+17 1.84905e+17 2.09528e+17 1.8531e+17 1.93248e+17 1.96916e+17 5.69621e+10
 1e+07 2.308e+17 2.38921e+17 2.33078e+17 2.1302e+17 2.4398e+17 2.14577e+17 2.23859e+17 2.28022e+17 6.32392e+10
 1.1e+07 2.63668e+17 2.7145e+17 2.65608e+17 2.41419e+17 2.79028e+17 2.44385e+17 2.54944e+17 2.5973e+17 6.95614e+10
 1.2e+07 2.97203e+17 3.0473e+17 2.98944e+17 2.69906e+17 3.14462e+17 2.74615e+17 2.86328e+17 2.91914e+17 7.67596e+10
 1.3e+07 3.31268e+17 3.38713e+17 3.32897e+17 2.98245e+17 3.50016e+17 3.05137e+17 3.17799e+17 3.24397e+17 8.39939e+10
 1.4e+07 3.65762e+17 3.73354e+17 3.67156e+17 3.26228e+17 3.85575e+17 3.35744e+17 3.49182e+17 3.57012e+17 9.14127e+10
 1.5e+07 4.00612e+17 4.08601e+17 4.01558e+17 3.53855e+17 4.21028e+17 3.66467e+17 3.8045e+17 3.89706e+17 9.84172e+10
 1.6e+07 4.35688e+17 4.44495e+17 4.36233e+17 3.81358e+17 4.56289e+17 3.97225e+17 4.11624e+17 4.22496e+17 1.05331e+11
 1.7e+07 4.70876e+17 4.80957e+17 4.71316e+17 4.08901e+17 4.91276e+17 4.2791e+17 4.42696e+17 4.55371e+17 1.12032e+11
 1.8e+07 5.06136e+17 5.18005e+17 5.06914e+17 4.36351e+17 5.26055e+17 4.58327e+17 4.73578e+17 4.88287e+17 1.18484e+11
 1.9e+07 5.41506e+17 5.55655e+17 5.43071e+17 4.6356e+17 5.60645e+17 4.88355e+17 5.04186e+17 5.21209e+17 1.24904e+11
 2e+07 5.76965e+17 5.94002e+17 5.79813e+17 4.90443e+17 5.95096e+17 5.17999e+17 5.34513e+17 5.54145e+17 1.31626e+11
 2e+07 5.33305e+17 5.98931e+17 5.19303e+17 4.77393e+17 5.96194e+17 4.87909e+17 5.20498e+17 5.32504e+17 1.55525e+11
 4e+07 1.24429e+18 1.46435e+18 1.27027e+18 9.40348e+17 1.33619e+18 9.66479e+17 1.08101e+18 1.17912e+18 3.03776e+11
 6e+07 1.95454e+18 2.39296e+18 1.98332e+18 1.29703e+18 2.29992e+18 1.53379e+18 1.71025e+18 1.87026e+18 4.59618e+11
 8e+07 2.70781e+18 3.37124e+18 2.64735e+18 1.72557e+18 3.30058e+18 2.04156e+18 2.3559e+18 2.57706e+18 5.69299e+11
 1e+08 3.59873e+18 4.32043e+18 3.27824e+18 1.96751e+18 4.48471e+18 2.69408e+18 3.04877e+18 3.32225e+18 6.99941e+11
 1.2e+08 4.50473e+18 5.22534e+18 3.847e+18 2.12924e+18 5.68816e+18 3.28267e+18 3.70002e+18 4.03029e+18 8.00473e+11
 1.4e+08 5.28146e+18 5.79554e+18 4.234e+18 2.43898e+18 6.89852e+18 3.793e+18 4.37683e+18 4.66757e+18 9.06946e+11
 1.6e+08 6.17956e+18 6.5073e+18 4.62804e+18 2.66197e+18 8.04339e+18 4.45609e+18 5.05382e+18 5.34095e+18 1.00823e+12
 1.8e+08 7.04785e+18 7.31388e+18 5.00131e+18 2.97438e+18 9.22224e+18 5.22202e+18 5.80621e+18 6.06547e+18 1.09625e+12
 2e+08 7.88688e+18 7.93315e+18 5.31227e+18 3.33899e+18 1.02915e+19 6.06164e+18 6.56403e+18 6.75606e+18 1.16851e+12
 2.2e+08 8.54961e+18 8.34324e+18 5.48677e+18 3.68356e+18 1.12592e+19 6.85045e+18 7.2644e+18 7.34259e+18 1.19299e+12
 2.4e+08 9.16075e+18 8.77094e+18 5.51545e+18 4.12034e+18 1.20808e+19 7.84869e+18 8.0166e+18 7.93625e+18 1.25394e+12
 2.6e+08 9.65728e+18 9.05006e+18 5.64321e+18 4.48031e+18 1.25589e+19 8.91263e+18 8.6506e+18 8.4371e+18 1.32562e+12
 2.8e+08 1.00254e+19 9.53831e+18 5.76895e+18 4.72218e+18 1.2883e+19 9.99591e+18 9.20036e+18 8.8979e+18 1.40033e+12
 3e+08 1.0531e+19 1.041e+19 6.14357e+18 5.24284e+18 1.30512e+19 1.11388e+19 9.81097e+18 9.49786e+18 1.41373e+12
 3.2e+08 1.12056e+19 1.16431e+19 6.47864e+18 5.73304e+18 1.31915e+19 1.22761e+19 1.04002e+19 1.01505e+19 1.46219e+12
 3.4e+08 1.18961e+19 1.30856e+19 6.80572e+18 6.39721e+18 1.33181e+19 1.34263e+19 1.10472e+19 1.08666e+19 1.50044e+12
 3.6e+08 1.25351e+19 1.44555e+19 7.00066e+18 7.07998e+18 1.34652e+19 1.43941e+19 1.16464e+19 1.152e+19 1.50439e+12
 3.8e+08 1.31354e+19 1.5773e+19 6.9969e+18 7.61334e+18 1.35744e+19 1.5408e+19 1.21986e+19 1.21065e+19 1.46049e+12
 4e+08 1.39932e+19 1.69469e+19 7.12254e+18 8.18322e+18 1.34942e+19 1.63326e+19 1.267e+19 1.2677e+19 1.44862e+12
 4e+08 1.32912e+19 1.87925e+19 1.35253e+19 6.68877e+18 6.00426e+18 1.54972e+19 9.39675e+18 1.17192e+19 6.64344e+11
 8e+08 2.81112e+19 3.52029e+19 2.1643e+19 2.00329e+19 7.93909e+18 2.91443e+19 1.90388e+19 2.27509e+19 1.52541e+12
 1.2e+09 6.0506e+19 3.06547e+19 1.06862e+19 2.59947e+19 1.11679e+19 1.08966e+19 1.60197e+19 2.31914e+19 9.72025e+11
 1.6e+09 9.88981e+19 2.1207e+19 2.89784e+19 2.3437e+19 1.79701e+19 8.85606e+18 1.67544e+19 2.99304e+19 1.31967e+11
 2e+09 9.67095e+19 5.90185e+16 1.01547e+20 1.95791e+19 4.40761e+18 3.90787e+19 2.10218e+19 3.90551e+19 1.32821e+11
