# Time-averaged data for fix AveAll
# TimeStep v_TotEn v_PotEn c_T c_P v_Dens
100000 47475.6 -0.103187 7967.55 0.993011 6.07141e-05
200000 47983 1.24668 8052.47 1.00854 6.09776e-05
300000 48355.7 -0.16279 8115.25 1.02192 6.13459e-05
400000 47636.1 -0.00635809 7994.45 1.00076 6.09699e-05
500000 46949.5 -0.0202064 7879.23 0.985893 6.09476e-05
600000 48040.9 0.34349 8062.34 1.00958 6.09942e-05
700000 47834.6 -0.0158969 8027.78 1.0107 6.13242e-05
800000 47981.4 -0.0202416 8052.4 1.01748 6.15261e-05
900000 48089.5 0.0375039 8070.55 1.00556 6.0703e-05
1000000 48643 -0.0866483 8163.45 1.02583 6.12107e-05
1100000 47413.9 -0.00405247 7957.16 0.981775 6.00967e-05
1200000 47494 0.105526 7970.6 0.98788 6.03726e-05
1300000 47531.4 -0.0252103 7976.89 1.0093 6.16261e-05
1400000 47293.6 -0.0676113 7936.99 1.00525 6.16873e-05
1500000 47763.8 -0.0688206 8015.91 1.0047 6.10455e-05
1600000 47209 0.449025 7922.7 0.991375 6.09209e-05
1700000 47235.1 1.33624 7926.94 0.983552 6.03951e-05
1800000 47186.9 -0.0553437 7919.09 0.986095 6.06536e-05
1900000 47783.7 -0.0680472 8019.24 1.01903 6.18845e-05
2000000 47604.6 -0.159325 7989.2 1.01258 6.1729e-05
2100000 47095.4 0.028047 7903.72 0.97397 6.0017e-05
2200000 47143 -0.0697478 7911.72 0.978466 6.02382e-05
2300000 47306.7 1.40669 7938.95 0.990435 6.07608e-05
2400000 47625.7 -0.113509 7992.73 0.991897 6.04383e-05
2500000 47379 -0.0187226 7951.32 1.00073 6.12804e-05
2600000 47249.6 -0.0582553 7929.61 0.989604 6.07956e-05
2700000 47129.7 -0.0189167 7909.47 1.01252 6.23369e-05
2800000 47852.8 -0.0523785 8030.84 0.997961 6.05292e-05
2900000 47300.9 -0.00600636 7938.21 0.998832 6.12741e-05
3000000 47982.5 -0.00608251 8052.6 1.01124 6.11544e-05
3100000 46936.3 0.655918 7876.9 0.990731 6.12522e-05
3200000 47334.5 -0.0442767 7943.85 0.995515 6.10457e-05
3300000 47536.9 -0.135677 7977.83 0.983906 6.00764e-05
3400000 47900.6 -0.0824971 8038.87 1.01042 6.12053e-05
3500000 47795.7 -0.0100288 8021.25 0.993193 6.03117e-05
3600000 47942.5 -0.0586551 8045.89 0.986937 5.97417e-05
3700000 47675.3 -0.0639434 8001.05 0.991582 6.03666e-05
3800000 47704.1 -0.0325803 8005.88 0.995853 6.05981e-05
3900000 47948.1 -0.0381885 8046.82 1.00543 6.08637e-05
4000000 47471.7 -0.0817638 7966.89 0.994877 6.08302e-05
4100000 47372.7 -0.101795 7950.27 0.99071 6.06917e-05
4200000 47958.8 0.125376 8048.6 1.00297 6.06799e-05
4300000 47433.2 -0.175721 7960.43 0.998092 6.10685e-05
4400000 47744.4 -0.00356594 8012.63 1.00679 6.12015e-05
4500000 47469.7 -0.0446789 7966.54 0.991382 6.06117e-05
4600000 47019.5 -0.144699 7891 0.977152 6.03406e-05
4700000 47574.3 -0.0458138 7984.1 1.00011 6.10173e-05
4800000 47015.6 -0.00643948 7890.33 0.98299 6.06965e-05
4900000 46987.4 -0.0794749 7885.6 0.99452 6.14174e-05
5000000 47965.8 -0.0590123 8049.8 1.0049 6.08058e-05
5100000 47385.4 1.5243 7952.14 0.996043 6.10149e-05
5200000 47802.5 -0.0894392 8022.39 1.01194 6.14411e-05
5300000 47993.2 -0.105542 8054.41 1.00657 6.0876e-05
5400000 46998.3 0.341712 7887.37 0.981506 6.05762e-05
5500000 47460.2 5.15387 7964.08 0.981991 6.00279e-05
5600000 47667.6 -0.00988107 7999.74 1.00573 6.12413e-05
5700000 46977.1 -0.0880467 7883.89 0.973019 6.01258e-05
5800000 47983.5 0.567568 8052.67 1.00215 6.06125e-05
5900000 47942.6 -0.0790361 8045.91 0.987627 5.97835e-05
6000000 48468.2 0.289121 8134.07 1.01774 6.09272e-05
6100000 47723.7 -0.0837924 8009.17 1.01201 6.15298e-05
6200000 47408.7 -0.0673265 7956.31 0.991185 6.06863e-05
6300000 47919.4 -0.046815 8042.01 1.02384 6.20035e-05
6400000 47693.3 4.09821 8003.36 0.999566 6.07977e-05
6500000 47405.8 -0.0535676 7955.82 0.984743 6.02978e-05
6600000 46984.9 -0.13725 7885.19 0.994166 6.14167e-05
6700000 47752 -0.00621347 8013.91 0.995473 6.04965e-05
6800000 47523.4 -0.00516081 7975.54 1.00206 6.11964e-05
6900000 47194.4 0.355696 7920.28 1.00491 6.17986e-05
7000000 47507.7 0.411756 7972.85 0.992986 6.06665e-05
7100000 48185.6 -0.00672983 8086.68 1.00961 6.08104e-05
7200000 47208.1 -0.0186136 7922.64 0.993401 6.10649e-05
7300000 47669.5 -0.046841 8000.07 1.00006 6.0896e-05
7400000 47817.3 -0.0235411 8024.87 0.999213 6.06402e-05
7500000 47076.1 1.9419 7900.15 0.997201 6.14792e-05
7600000 46857.2 3.63346 7863.13 0.977134 6.05082e-05
7700000 46997.4 -0.157282 7887.31 0.988981 6.10754e-05
7800000 47237.9 0.742521 7927.51 0.991404 6.09074e-05
7900000 47311 -0.0858022 7939.91 0.993724 6.09585e-05
8000000 47767.1 -0.117232 8016.46 0.999412 6.07293e-05
8100000 47504.4 -0.013476 7972.35 1.00378 6.13365e-05
8200000 47796.7 1.75693 8021.12 1.01105 6.13849e-05
8300000 47489.7 -0.0726792 7969.91 0.991996 6.0625e-05
8400000 47242.7 -0.0610197 7928.44 0.990048 6.08168e-05
8500000 48311 -0.00368178 8107.73 1.02102 6.1347e-05
8600000 47398.2 -0.0642233 7954.54 0.989773 6.06024e-05
8700000 47219.1 0.618077 7924.37 0.995793 6.12175e-05
8800000 47994.9 -0.0760527 8054.68 1.00067 6.04887e-05
8900000 46917.4 -0.0361287 7873.84 0.98506 6.09325e-05
9000000 47703 0.00303073 8005.69 0.997998 6.0724e-05
9100000 47694.5 -0.0274033 8004.27 0.993969 6.04783e-05
9200000 47684.4 -0.078757 8002.58 1.00477 6.11534e-05
9300000 47721.3 -0.0275899 8008.76 1.00807 6.13253e-05
9400000 47567.7 -0.0710933 7983 1.00134 6.11027e-05
9500000 47497.5 -0.127396 7971.22 0.989357 6.04603e-05
9600000 47989.6 -0.0135322 8053.79 1.00085 6.05441e-05
9700000 47745.3 -0.138855 8012.81 1.01459 6.16717e-05
9800000 48033.2 -0.0184797 8061.11 1.0178 6.14961e-05
9900000 47612.9 -0.0269313 7990.56 0.985721 6.00913e-05
10000000 47782.6 -0.0892429 8019.06 1.00815 6.12163e-05
