Ar
#NOTE: MSDs should be divided by the temperature.
#NOTE: MSDs have been divided by 2 or 10 (i.e., the viscosity computed from all components).
#Time	MSD_xx	MSD_yy	MSD_zz	MSD_xy	MSD_xz	MSD_yz	MSD_off	MSD_all	MSD_bulkvisc
 50000 1.00569e+13 8.71548e+12 9.17266e+12 9.68659e+12 9.19752e+12 1.07316e+13 9.8719e+12 9.64915e+12 2.46821e+08
 100000 3.99199e+13 3.45549e+13 3.63851e+13 3.84437e+13 3.64803e+13 4.26193e+13 3.91811e+13 3.829e+13 5e+11
 150000 8.91722e+13 7.71041e+13 8.12234e+13 8.58654e+13 8.14286e+13 9.52474e+13 8.75138e+13 8.55082e+13 5.0031e+11
 200000 1.57401e+14 1.35956e+14 1.4328e+14 1.51551e+14 1.43627e+14 1.68206e+14 1.54461e+14 1.50895e+14 5.00622e+11
 250000 2.44197e+14 2.1071e+14 2.22161e+14 2.35109e+14 2.22667e+14 2.61092e+14 2.39623e+14 2.34049e+14 5.00931e+11
 300000 3.49158e+14 3.00979e+14 3.17473e+14 3.36158e+14 3.18147e+14 3.73516e+14 3.42607e+14 3.34579e+14 5.01239e+11
 350000 4.71889e+14 4.06382e+14 4.28832e+14 4.54329e+14 4.29677e+14 5.05101e+14 4.63036e+14 4.52102e+14 5.01546e+11
 400000 6.12004e+14 5.26546e+14 5.55864e+14 5.89263e+14 5.56876e+14 6.55475e+14 6.00538e+14 5.86245e+14 5.01849e+11
 450000 7.69128e+14 6.61115e+14 6.98214e+14 7.40615e+14 6.99372e+14 8.2427e+14 7.54753e+14 7.36646e+14 5.02155e+11
 500000 9.42896e+14 8.09737e+14 8.55535e+14 9.08042e+14 8.56801e+14 1.01112e+15 9.25322e+14 9.02949e+14 5.0246e+11
 550000 1.13294e+15 9.72068e+14 1.02749e+15 1.09121e+15 1.0288e+15 1.21567e+15 1.11189e+15 1.0848e+15 5.02761e+11
 600000 1.33892e+15 1.14778e+15 1.21376e+15 1.28979e+15 1.21502e+15 1.43758e+15 1.31413e+15 1.28187e+15 5.03061e+11
 650000 1.56048e+15 1.33653e+15 1.41401e+15 1.50345e+15 1.41512e+15 1.67651e+15 1.53169e+15 1.49382e+15 5.03358e+11
 700000 1.79728e+15 1.53802e+15 1.62795e+15 1.7319e+15 1.62876e+15 1.93212e+15 1.76426e+15 1.72032e+15 5.03643e+11
 750000 2.04902e+15 1.75192e+15 1.85524e+15 1.97483e+15 1.85561e+15 2.2041e+15 2.01152e+15 1.96107e+15 5.03929e+11
 800000 2.31538e+15 1.97792e+15 2.0956e+15 2.23193e+15 2.09536e+15 2.49213e+15 2.27314e+15 2.21574e+15 5.0422e+11
 850000 2.59604e+15 2.21573e+15 2.3487e+15 2.50293e+15 2.34769e+15 2.79588e+15 2.54883e+15 2.48403e+15 5.04511e+11
 900000 2.89068e+15 2.46507e+15 2.61427e+15 2.78752e+15 2.61231e+15 3.11505e+15 2.83829e+15 2.76564e+15 5.04785e+11
 950000 3.199e+15 2.72564e+15 2.892e+15 3.08543e+15 2.88891e+15 3.44935e+15 3.14123e+15 3.06029e+15 5.05054e+11
 1e+06 3.52071e+15 2.99716e+15 3.18159e+15 3.39638e+15 3.17723e+15 3.79848e+15 3.45736e+15 3.36768e+15 5.0465e+11
 1e+06 3.51984e+15 2.99081e+15 3.16495e+15 3.39965e+15 3.18261e+15 3.79909e+15 3.46045e+15 3.36635e+15 5.17414e+09
 2e+06 1.23314e+16 1.0362e+16 1.10531e+16 1.19567e+16 1.10245e+16 1.34787e+16 1.21533e+16 1.17915e+16 1.02512e+10
 3e+06 2.43593e+16 2.04079e+16 2.18358e+16 2.38702e+16 2.17589e+16 2.70495e+16 2.42262e+16 2.34161e+16 1.53313e+10
 4e+06 3.81686e+16 3.20639e+16 3.43643e+16 3.80038e+16 3.43069e+16 4.31551e+16 3.84886e+16 3.70394e+16 2.04481e+10
 5e+06 5.29264e+16 4.47013e+16 4.78854e+16 5.36073e+16 4.8035e+16 6.09704e+16 5.42042e+16 5.19243e+16 2.58916e+10
 6e+06 6.80892e+16 5.79307e+16 6.1966e+16 7.01546e+16 6.26108e+16 7.98662e+16 7.08772e+16 6.75911e+16 3.15929e+10
 7e+06 8.34401e+16 7.15203e+16 7.64066e+16 8.72939e+16 7.7757e+16 9.92259e+16 8.80923e+16 8.37043e+16 3.7465e+10
 8e+06 9.8758e+16 8.5244e+16 9.099e+16 1.04679e+17 9.33186e+16 1.18649e+17 1.05549e+17 9.9995e+16 4.3305e+10
 9e+06 1.13859e+17 9.89713e+16 1.05501e+17 1.22103e+17 1.09171e+17 1.37959e+17 1.23078e+17 1.16291e+17 4.90193e+10
 1e+07 1.28845e+17 1.12582e+17 1.19935e+17 1.39612e+17 1.25225e+17 1.57116e+17 1.40651e+17 1.32572e+17 5.45437e+10
 1.1e+07 1.4383e+17 1.25984e+17 1.34431e+17 1.574e+17 1.41494e+17 1.76209e+17 1.58368e+17 1.4892e+17 5.98681e+10
 1.2e+07 1.58853e+17 1.39103e+17 1.49156e+17 1.75616e+17 1.58046e+17 1.95315e+17 1.76326e+17 1.6541e+17 6.47606e+10
 1.3e+07 1.73905e+17 1.51822e+17 1.64214e+17 1.94271e+17 1.74839e+17 2.14464e+17 1.94525e+17 1.8204e+17 6.97307e+10
 1.4e+07 1.89018e+17 1.64168e+17 1.79695e+17 2.13346e+17 1.91747e+17 2.3357e+17 2.12888e+17 1.98783e+17 7.52937e+10
 1.5e+07 2.0422e+17 1.76199e+17 1.95528e+17 2.32984e+17 2.0865e+17 2.5254e+17 2.31391e+17 2.15628e+17 8.09984e+10
 1.6e+07 2.19455e+17 1.87997e+17 2.11578e+17 2.5323e+17 2.25536e+17 2.71402e+17 2.50056e+17 2.32571e+17 8.65971e+10
 1.7e+07 2.34748e+17 1.99669e+17 2.27837e+17 2.74026e+17 2.4238e+17 2.90193e+17 2.68866e+17 2.4962e+17 9.21528e+10
 1.8e+07 2.50104e+17 2.11272e+17 2.44191e+17 2.95309e+17 2.59365e+17 3.08888e+17 2.87854e+17 2.66788e+17 9.77725e+10
 1.9e+07 2.6551e+17 2.22849e+17 2.6053e+17 3.16955e+17 2.76628e+17 3.27333e+17 3.06972e+17 2.84035e+17 1.0337e+11
 2e+07 2.80941e+17 2.34455e+17 2.76804e+17 3.3885e+17 2.94186e+17 3.45446e+17 3.26161e+17 3.01323e+17 1.08958e+11
 2e+07 3.02048e+17 2.42316e+17 2.58815e+17 3.46606e+17 2.67217e+17 3.14424e+17 3.09416e+17 2.9274e+17 1.01605e+11
 4e+07 6.43203e+17 5.12443e+17 5.22559e+17 8.75634e+17 6.55834e+17 7.16264e+17 7.49244e+17 6.73307e+17 1.99475e+11
 6e+07 9.12405e+17 7.59861e+17 7.01752e+17 1.42697e+18 1.07286e+18 1.1146e+18 1.20481e+18 1.03942e+18 2.39637e+11
 8e+07 1.11337e+18 1.02346e+18 8.31396e+17 1.90563e+18 1.44801e+18 1.58627e+18 1.64664e+18 1.38375e+18 2.90282e+11
 1e+08 1.213e+18 1.20521e+18 9.1253e+17 2.27304e+18 1.77173e+18 2.1033e+18 2.04936e+18 1.67371e+18 3.81774e+11
 1.2e+08 1.31459e+18 1.32649e+18 1.03645e+18 2.50915e+18 1.99478e+18 2.7233e+18 2.40908e+18 1.93578e+18 4.5744e+11
 1.4e+08 1.39966e+18 1.39887e+18 1.20673e+18 2.66234e+18 2.19431e+18 3.37973e+18 2.74546e+18 2.18131e+18 4.97554e+11
 1.6e+08 1.56893e+18 1.4434e+18 1.43174e+18 2.78417e+18 2.41197e+18 3.99213e+18 3.06276e+18 2.4302e+18 5.55604e+11
 1.8e+08 1.77304e+18 1.41717e+18 1.6145e+18 2.79809e+18 2.59025e+18 4.61848e+18 3.33561e+18 2.64199e+18 6.30423e+11
 2e+08 1.95564e+18 1.40016e+18 1.82336e+18 2.85898e+18 2.78119e+18 5.26306e+18 3.63441e+18 2.8712e+18 6.78616e+11
 2.2e+08 2.21757e+18 1.44296e+18 2.04418e+18 3.04071e+18 3.02237e+18 5.81611e+18 3.95973e+18 3.13646e+18 7.20026e+11
 2.4e+08 2.49517e+18 1.50645e+18 2.32373e+18 3.40414e+18 3.34675e+18 6.36058e+18 4.37049e+18 3.46567e+18 7.80252e+11
 2.6e+08 2.80589e+18 1.58263e+18 2.62038e+18 3.91426e+18 3.65872e+18 6.90696e+18 4.82665e+18 3.83051e+18 8.39198e+11
 2.8e+08 3.15913e+18 1.58677e+18 2.84078e+18 4.29926e+18 3.93191e+18 7.38383e+18 5.205e+18 4.13456e+18 8.98208e+11
 3e+08 3.52571e+18 1.64709e+18 3.04821e+18 4.71832e+18 4.07184e+18 7.87611e+18 5.55542e+18 4.42939e+18 9.65155e+11
 3.2e+08 3.89118e+18 1.68341e+18 3.33059e+18 5.09567e+18 4.05578e+18 8.3257e+18 5.82572e+18 4.68279e+18 1.00253e+12
 3.4e+08 4.2224e+18 1.69698e+18 3.63414e+18 5.36268e+18 4.04612e+18 8.83871e+18 6.0825e+18 4.9233e+18 1.017e+12
 3.6e+08 4.55574e+18 1.71554e+18 3.9369e+18 5.38696e+18 4.03279e+18 9.27748e+18 6.23241e+18 5.10054e+18 1.06013e+12
 3.8e+08 4.89358e+18 1.73034e+18 4.27764e+18 5.35604e+18 4.1096e+18 9.61056e+18 6.35873e+18 5.26878e+18 1.07114e+12
 4e+08 5.24491e+18 1.81393e+18 4.67051e+18 5.33767e+18 4.34003e+18 9.99197e+18 6.55656e+18 5.49785e+18 1.05169e+12
 4e+08 4.4693e+18 3.21408e+18 3.43336e+18 8.8337e+18 5.06902e+18 6.77699e+18 6.89324e+18 5.61817e+18 5.35059e+11
 8e+08 1.3817e+19 4.01277e+18 1.2293e+19 8.13121e+18 1.02157e+19 2.94442e+18 7.09711e+18 8.27463e+18 1.63846e+11
 1.2e+09 1.91374e+19 3.30766e+17 2.29646e+19 6.2242e+18 2.52496e+19 4.38196e+18 1.19519e+19 1.28289e+19 4.77201e+11
 1.6e+09 3.33645e+19 9.39923e+17 2.67248e+19 4.45621e+18 3.6058e+19 8.59603e+18 1.63701e+19 1.79593e+19 5.40691e+11
 2e+09 4.57232e+19 2.56913e+18 2.66157e+19 3.22507e+19 6.86543e+19 1.68701e+18 3.41974e+19 3.05061e+19 1.55654e+11
