Ar
#NOTE: MSDs should be divided by the temperature.
#NOTE: MSDs have been divided by 2 or 10 (i.e., the viscosity computed from all components).
#Time	MSD_xx	MSD_yy	MSD_zz	MSD_xy	MSD_xz	MSD_yz	MSD_off	MSD_all	MSD_bulkvisc
 50000 7.68737e+12 7.62351e+12 7.67168e+12 7.30235e+12 7.94259e+12 7.47284e+12 7.5726e+12 7.6079e+12 2.94542e+08
 100000 3.04658e+13 3.02094e+13 3.04056e+13 2.89293e+13 3.14908e+13 2.96101e+13 3.00101e+13 3.01501e+13 3.7529e+11
 150000 6.79503e+13 6.73744e+13 6.78239e+13 6.45035e+13 7.02705e+13 6.60293e+13 6.69344e+13 6.72471e+13 3.75652e+11
 200000 1.19763e+14 1.18745e+14 1.19555e+14 1.13659e+14 1.23914e+14 1.16357e+14 1.17977e+14 1.18528e+14 3.76016e+11
 250000 1.85535e+14 1.83954e+14 1.85232e+14 1.76039e+14 1.92064e+14 1.80228e+14 1.82777e+14 1.83629e+14 3.76385e+11
 300000 2.64905e+14 2.62645e+14 2.64499e+14 2.51296e+14 2.74375e+14 2.57291e+14 2.60987e+14 2.62199e+14 3.76755e+11
 350000 3.57522e+14 3.54463e+14 3.57006e+14 3.39092e+14 3.70511e+14 3.47196e+14 3.52266e+14 3.53892e+14 3.76288e+11
 400000 4.63051e+14 4.59068e+14 4.62419e+14 4.39096e+14 4.80144e+14 4.49602e+14 4.56281e+14 4.58374e+14 3.76621e+11
 450000 5.81165e+14 5.76126e+14 5.80409e+14 5.50983e+14 6.02952e+14 5.64175e+14 5.72703e+14 5.75315e+14 3.7698e+11
 500000 7.11547e+14 7.05311e+14 7.10654e+14 6.74441e+14 7.38623e+14 6.90596e+14 7.0122e+14 7.044e+14 3.77343e+11
 550000 8.53889e+14 8.46306e+14 8.52839e+14 8.09165e+14 8.86862e+14 8.2856e+14 8.41529e+14 8.45322e+14 3.77701e+11
 600000 1.00789e+15 9.98805e+14 1.00665e+15 9.5486e+14 1.04739e+15 9.77768e+14 9.93338e+14 9.97783e+14 3.78069e+11
 650000 1.17328e+15 1.16251e+15 1.17178e+15 1.11123e+15 1.21992e+15 1.13793e+15 1.15636e+15 1.16149e+15 3.78249e+11
 700000 1.34978e+15 1.33713e+15 1.34794e+15 1.278e+15 1.40418e+15 1.30875e+15 1.33031e+15 1.33617e+15 3.78566e+11
 750000 1.53712e+15 1.52237e+15 1.53485e+15 1.45488e+15 1.59992e+15 1.48994e+15 1.51491e+15 1.52153e+15 3.78934e+11
 800000 1.73504e+15 1.71795e+15 1.73222e+15 1.6416e+15 1.80688e+15 1.68124e+15 1.70991e+15 1.7173e+15 3.79301e+11
 850000 1.94327e+15 1.9236e+15 1.93978e+15 1.83789e+15 2.0248e+15 1.88237e+15 1.91502e+15 1.92323e+15 3.79672e+11
 900000 2.16157e+15 2.13903e+15 2.15726e+15 2.04351e+15 2.25344e+15 2.09308e+15 2.13001e+15 2.13905e+15 3.80043e+11
 950000 2.38969e+15 2.36398e+15 2.38441e+15 2.25822e+15 2.49257e+15 2.31309e+15 2.35463e+15 2.36452e+15 3.80399e+11
 1e+06 2.6274e+15 2.5982e+15 2.62098e+15 2.48178e+15 2.74195e+15 2.54218e+15 2.58864e+15 2.59939e+15 3.80769e+11
 1e+06 2.62612e+15 2.60475e+15 2.61974e+15 2.4819e+15 2.74225e+15 2.54523e+15 2.58979e+15 2.60062e+15 6.43869e+09
 2e+06 9.08197e+15 8.91008e+15 8.99057e+15 8.49256e+15 9.57217e+15 8.6895e+15 8.91808e+15 8.94853e+15 1.35743e+10
 3e+06 1.7818e+16 1.73406e+16 1.75354e+16 1.65013e+16 1.8964e+16 1.69468e+16 1.74707e+16 1.75083e+16 2.07905e+10
 4e+06 2.7924e+16 2.70189e+16 2.73651e+16 2.55383e+16 2.99082e+16 2.64173e+16 2.72879e+16 2.73472e+16 2.77997e+10
 5e+06 3.88768e+16 3.74605e+16 3.80488e+16 3.50125e+16 4.1778e+16 3.65922e+16 3.77943e+16 3.7928e+16 3.48394e+10
 6e+06 5.04735e+16 4.85111e+16 4.94441e+16 4.46568e+16 5.42226e+16 4.71319e+16 4.86705e+16 4.89928e+16 4.16475e+10
 7e+06 6.26238e+16 6.01304e+16 6.14732e+16 5.44323e+16 6.70528e+16 5.78175e+16 5.97675e+16 6.04242e+16 4.84326e+10
 8e+06 7.52296e+16 7.21507e+16 7.40264e+16 6.4336e+16 8.00954e+16 6.85047e+16 7.09787e+16 7.21081e+16 5.47133e+10
 9e+06 8.81584e+16 8.44192e+16 8.693e+16 7.43392e+16 9.32058e+16 7.91111e+16 8.22187e+16 8.39322e+16 6.09217e+10
 1e+07 1.01316e+17 9.68688e+16 1.00112e+17 8.43704e+16 1.06306e+17 8.96397e+16 9.34388e+16 9.58362e+16 6.70183e+10
 1.1e+07 1.14572e+17 1.09456e+17 1.13586e+17 9.4402e+16 1.19331e+17 1.00142e+17 1.04625e+17 1.0779e+17 7.36508e+10
 1.2e+07 1.27808e+17 1.22098e+17 1.27339e+17 1.04437e+17 1.32254e+17 1.10615e+17 1.15768e+17 1.1976e+17 8.0625e+10
 1.3e+07 1.4089e+17 1.34811e+17 1.41253e+17 1.14474e+17 1.45049e+17 1.20951e+17 1.26825e+17 1.31689e+17 8.70818e+10
 1.4e+07 1.53716e+17 1.47633e+17 1.55253e+17 1.24473e+17 1.57631e+17 1.31055e+17 1.3772e+17 1.43512e+17 9.37713e+10
 1.5e+07 1.66284e+17 1.60427e+17 1.69258e+17 1.34433e+17 1.69867e+17 1.40755e+17 1.48352e+17 1.5514e+17 1.00542e+11
 1.6e+07 1.78668e+17 1.73173e+17 1.83286e+17 1.44415e+17 1.81707e+17 1.5006e+17 1.58728e+17 1.66587e+17 1.07716e+11
 1.7e+07 1.90939e+17 1.85911e+17 1.9723e+17 1.54476e+17 1.93278e+17 1.59004e+17 1.68919e+17 1.77896e+17 1.14526e+11
 1.8e+07 2.03213e+17 1.98521e+17 2.10951e+17 1.64579e+17 2.04827e+17 1.67765e+17 1.79057e+17 1.89125e+17 1.21255e+11
 1.9e+07 2.15671e+17 2.11015e+17 2.24391e+17 1.74583e+17 2.1642e+17 1.76429e+17 1.89144e+17 2.00297e+17 1.27735e+11
 2e+07 2.28446e+17 2.23404e+17 2.37665e+17 1.84364e+17 2.28075e+17 1.8494e+17 1.99126e+17 2.11411e+17 1.34444e+11
 2e+07 2.23872e+17 2.36663e+17 2.48116e+17 1.85041e+17 2.02093e+17 2.05425e+17 1.9752e+17 2.12999e+17 1.18163e+11
 4e+07 5.25462e+17 5.13914e+17 5.44821e+17 3.47239e+17 4.46016e+17 3.62297e+17 3.85184e+17 4.42337e+17 2.74575e+11
 6e+07 8.38565e+17 8.21329e+17 7.7725e+17 4.62922e+17 7.33239e+17 5.16373e+17 5.70844e+17 6.67459e+17 4.59573e+11
 8e+07 1.11642e+18 1.08886e+18 9.99913e+17 5.75804e+17 1.04785e+18 6.70055e+17 7.64569e+17 8.86101e+17 6.52684e+11
 1e+08 1.36754e+18 1.31477e+18 1.31817e+18 7.72169e+17 1.34255e+18 8.60308e+17 9.91675e+17 1.1284e+18 8.42326e+11
 1.2e+08 1.57707e+18 1.49399e+18 1.67897e+18 9.88658e+17 1.62906e+18 1.04383e+18 1.22052e+18 1.36565e+18 1.0125e+12
 1.4e+08 1.71554e+18 1.66435e+18 2.0187e+18 1.20686e+18 1.863e+18 1.25847e+18 1.44278e+18 1.58548e+18 1.17189e+12
 1.6e+08 1.89006e+18 1.85042e+18 2.40959e+18 1.37724e+18 2.17291e+18 1.48574e+18 1.67863e+18 1.82719e+18 1.36326e+12
 1.8e+08 2.03924e+18 2.06254e+18 2.88743e+18 1.48027e+18 2.38405e+18 1.78263e+18 1.88231e+18 2.06128e+18 1.56205e+12
 2e+08 2.3063e+18 2.30169e+18 3.324e+18 1.61507e+18 2.63816e+18 2.11877e+18 2.124e+18 2.332e+18 1.74132e+12
 2.2e+08 2.59765e+18 2.54725e+18 3.67666e+18 1.73468e+18 2.88417e+18 2.39399e+18 2.33761e+18 2.57878e+18 1.91399e+12
 2.4e+08 2.85607e+18 2.82654e+18 4.04571e+18 1.82038e+18 3.04148e+18 2.62786e+18 2.49657e+18 2.79505e+18 2.00842e+12
 2.6e+08 3.0513e+18 3.13631e+18 4.48845e+18 1.85664e+18 3.24828e+18 2.9361e+18 2.68034e+18 3.03168e+18 2.04908e+12
 2.8e+08 3.21772e+18 3.43314e+18 4.88933e+18 1.90145e+18 3.38516e+18 3.16344e+18 2.81668e+18 3.2287e+18 2.06881e+12
 3e+08 3.32782e+18 3.72297e+18 5.2914e+18 2.02409e+18 3.49799e+18 3.35448e+18 2.95885e+18 3.42094e+18 2.10078e+12
 3.2e+08 3.37408e+18 3.93364e+18 5.73261e+18 2.17012e+18 3.55481e+18 3.58023e+18 3.10172e+18 3.59974e+18 2.12075e+12
 3.4e+08 3.52169e+18 4.16732e+18 6.24575e+18 2.33946e+18 3.69305e+18 3.78663e+18 3.27305e+18 3.8218e+18 2.10721e+12
 3.6e+08 3.68037e+18 4.4119e+18 6.86231e+18 2.57696e+18 3.83168e+18 3.97427e+18 3.46097e+18 4.07052e+18 2.09329e+12
 3.8e+08 3.879e+18 4.75623e+18 7.60026e+18 2.81323e+18 3.95853e+18 4.16698e+18 3.64625e+18 4.35248e+18 2.01927e+12
 4e+08 4.0515e+18 5.12051e+18 8.41046e+18 3.07822e+18 4.14691e+18 4.32702e+18 3.85072e+18 4.65476e+18 1.90713e+12
 4e+08 5.49753e+18 7.53665e+18 8.68622e+18 2.82225e+18 4.43446e+18 9.00319e+18 5.41997e+18 6.14803e+18 1.69745e+12
 8e+08 1.1866e+19 1.74366e+19 2.81776e+19 6.59246e+18 2.83918e+18 1.13405e+19 6.92406e+18 1.18185e+19 2.65293e+12
 1.2e+09 5.82162e+18 2.21694e+19 4.54998e+19 5.26485e+18 5.96994e+18 1.92282e+19 1.01543e+19 1.58914e+19 3.05079e+12
 1.6e+09 4.13826e+17 5.33477e+19 5.56292e+19 3.98775e+18 1.10034e+19 7.49467e+18 7.49527e+18 1.90826e+19 3.34266e+12
 2e+09 3.6521e+18 7.33821e+19 4.42929e+19 4.88289e+18 2.34542e+18 1.57415e+19 7.65659e+18 2.07709e+19 2.42712e+11
