# Time-averaged data for fix AveAll
# TimeStep v_TotEn v_PotEn c_T c_P v_Dens
100000 54017.7 -0.0296587 9065.45 0.986326 5.29839e-05
200000 53094.1 -0.0862659 8910.46 0.986211 5.39092e-05
300000 53327.7 -0.037782 8949.66 1.00134 5.44936e-05
400000 54679.2 -0.0274251 9176.46 1.02043 5.41673e-05
500000 53170.2 -0.0710747 8923.23 0.984341 5.3729e-05
600000 53700.4 -0.0553701 9012.21 0.994492 5.37507e-05
700000 53290.8 -0.0126947 8943.45 1.00836 5.49197e-05
800000 53175.9 -0.0150082 8924.17 0.997152 5.44201e-05
900000 52596.8 -0.0659841 8827 0.982595 5.42103e-05
1000000 53436.1 -0.0153727 8967.84 1.00259 5.44568e-05
1100000 53763.5 -0.0311433 9022.79 1.00509 5.42656e-05
1200000 53527.6 -0.059833 8983.2 0.999062 5.4173e-05
1300000 53068.5 0.109673 8906.13 0.978544 5.35077e-05
1400000 53730.6 -0.0965773 9017.27 0.982997 5.31181e-05
1500000 54129.4 -0.0887263 9084.2 1.0034 5.38112e-05
1600000 53493.1 -0.151251 8977.43 0.997821 5.41381e-05
1700000 53373.6 -0.0502016 8957.36 0.986539 5.36454e-05
1800000 54148.6 -0.111367 9087.42 1.00749 5.39842e-05
1900000 54040.8 -0.0507067 9069.33 1.00844 5.4168e-05
2000000 53683.8 -0.0619659 9009.42 1.01368 5.47958e-05
2100000 52467.7 -0.0601136 8805.33 0.974595 5.39029e-05
2200000 53657.6 5.04817 9004.17 0.995024 5.38015e-05
2300000 53374.7 -0.0771345 8957.54 0.999877 5.4397e-05
2400000 53462.6 -0.0191017 8972.29 0.986786 5.35522e-05
2500000 53178.6 -0.00610595 8924.62 0.979335 5.34455e-05
2600000 53992.3 -0.0224679 9061.18 0.996178 5.35462e-05
2700000 53512.1 -0.0756765 8980.61 1.01368 5.49808e-05
2800000 53929.9 -0.0140842 9050.71 1.00562 5.41103e-05
2900000 53863.6 -0.000402037 9039.58 1.01294 5.45856e-05
3000000 53145 -0.0136798 8918.99 0.995954 5.43911e-05
3100000 53645.2 0.0224037 9002.93 1.01997 5.5172e-05
3200000 52841.3 -0.118175 8868.04 0.985508 5.41101e-05
3300000 53625.7 -0.0464587 8999.66 1.0108 5.46992e-05
3400000 53713.4 -0.182234 9014.4 0.992751 5.36409e-05
3500000 53617 -0.193739 8998.22 0.985921 5.33671e-05
3600000 53008.3 -0.118736 8896.06 0.990182 5.42158e-05
3700000 53516.9 -0.0518906 8981.41 1.02622 5.56435e-05
3800000 53530 -0.0327433 8983.6 0.990213 5.36927e-05
3900000 53925.5 -0.111105 9049.99 0.992107 5.33944e-05
4000000 53393.2 1.60209 8960.37 0.997261 5.41994e-05
4100000 54272.2 -0.0566628 9108.16 1.0224 5.46652e-05
4200000 53905.3 0.462452 9046.5 1.0137 5.45801e-05
4300000 53397.1 -0.00274195 8961.29 0.984791 5.35315e-05
4400000 54160.7 -0.00538043 9089.44 0.998287 5.34885e-05
4500000 53524.8 -0.0684224 8982.74 0.984629 5.3387e-05
4600000 53544.1 -0.196947 8985.99 0.988561 5.3584e-05
4700000 54098.5 0.417986 9078.93 1.00762 5.40518e-05
4800000 53665.2 -0.0540712 9006.3 0.99175 5.36236e-05
4900000 53816.9 -0.103906 9031.75 1.0062 5.42553e-05
5000000 53182.2 -0.0241142 8925.23 0.985843 5.37887e-05
5100000 53464 -0.212242 8972.56 0.993581 5.39325e-05
5200000 54153.2 -0.0687453 9088.19 1.01283 5.42742e-05
5300000 54176.8 -0.120321 9092.17 0.997709 5.3432e-05
5400000 53539.8 -0.0811542 8985.25 1.01459 5.50019e-05
5500000 53547.4 -0.0608598 8986.53 0.988851 5.35836e-05
5600000 53467.2 -0.0589609 8973.07 1.0224 5.55029e-05
5700000 53734.2 1.91279 9017.54 1.00146 5.40863e-05
5800000 53808.3 -0.0948048 9030.32 1.02449 5.52642e-05
5900000 54432.5 -0.0594261 9135.06 1.00143 5.33898e-05
6000000 53648.5 0.201952 9003.44 0.983979 5.32309e-05
6100000 53482.6 -0.00413241 8975.65 0.987736 5.36101e-05
6200000 54070.6 0.53842 9074.23 1.00373 5.3885e-05
6300000 53412.7 -0.0441741 8963.92 0.990829 5.38434e-05
6400000 53835.2 -0.182074 9034.84 0.98515 5.31079e-05
6500000 53825.6 1.25827 9032.98 1.00295 5.4094e-05
6600000 53003.1 -0.051644 8895.18 0.982693 5.3813e-05
6700000 53232.9 -0.0768003 8933.76 0.990585 5.40089e-05
6800000 53275.5 -0.0647809 8940.89 0.998641 5.44017e-05
6900000 53700.6 -0.0331524 9012.23 1.00992 5.45869e-05
7000000 52502.4 -0.0277685 8811.14 0.982756 5.43411e-05
7100000 54125.6 -0.0300962 9083.55 1.00636 5.39635e-05
7200000 53866.7 -0.00260945 9040.1 1.00335 5.40584e-05
7300000 53024.4 -0.0668314 8898.75 0.981634 5.37243e-05
7400000 53140.6 -0.00679171 8918.25 0.996138 5.43959e-05
7500000 52715.1 -0.0534276 8846.85 0.977417 5.38197e-05
7600000 53624 0.374757 8999.3 1.00298 5.42721e-05
7700000 53455.2 -0.0280749 8971.04 0.996184 5.40838e-05
7800000 53246.2 0.765332 8935.84 0.984554 5.36643e-05
7900000 53540.4 -0.127694 8985.36 0.989979 5.36528e-05
8000000 53148.6 -0.107805 8919.61 0.987164 5.39153e-05
8100000 53856.1 -0.0965188 9038.33 1.00326 5.40607e-05
8200000 53538.2 2.07303 8984.63 1.01093 5.47904e-05
8300000 53927.2 -0.103746 9050.27 1.00634 5.41556e-05
8400000 53375 -0.0157803 8957.59 0.988907 5.37758e-05
8500000 53289 -0.0086659 8943.16 1.00095 5.45182e-05
8600000 53037.2 -0.141519 8900.91 0.994605 5.44157e-05
8700000 54005.4 -0.0796143 9063.39 1.01067 5.43071e-05
8800000 53125.8 3.63602 8915.14 0.989301 5.40403e-05
8900000 53281 -0.121808 8941.83 1.00342 5.46705e-05
9000000 53599.8 -0.0691372 8995.32 0.990657 5.36347e-05
9100000 53690 -0.0444342 9010.45 1.00805 5.44972e-05
9200000 52979.3 -0.0916981 8891.19 0.988293 5.41394e-05
9300000 53263.1 -0.114586 8938.83 1.00134 5.45793e-05
9400000 53465.4 -0.0150355 8972.76 0.996134 5.40829e-05
9500000 53415.3 2.65223 8963.9 0.998377 5.42582e-05
9600000 53885.5 0.156373 9043.22 1.01119 5.44498e-05
9700000 54786.2 0.0415189 9194.4 1.00753 5.33786e-05
9800000 54459.1 1.23006 9139.31 1.01869 5.43069e-05
9900000 53684.5 -0.0400122 9009.53 0.995135 5.38105e-05
10000000 53162.7 -0.0667306 8921.96 0.9929 5.42044e-05
