Ar
#NOTE: MSDs should be divided by the temperature.
#NOTE: MSDs have been divided by 2 or 10 (i.e., the viscosity computed from all components).
#Time	MSD_xx	MSD_yy	MSD_zz	MSD_xy	MSD_xz	MSD_yz	MSD_off	MSD_all	MSD_bulkvisc
 50000 1.22026e+13 1.16145e+13 1.03863e+13 1.09351e+13 1.07697e+13 1.13816e+13 1.10288e+13 1.11777e+13 2.32657e+08
 100000 4.84931e+13 4.61417e+13 4.12243e+13 4.34302e+13 4.27669e+13 4.52076e+13 4.38016e+13 4.43955e+13 5.62444e+11
 150000 1.08446e+14 1.03158e+14 9.2087e+13 9.70727e+13 9.55748e+13 1.01041e+14 9.78962e+13 9.92298e+13 5.62742e+11
 200000 1.91645e+14 1.82254e+14 1.62563e+14 1.71458e+14 1.68778e+14 1.78453e+14 1.72896e+14 1.75266e+14 5.63039e+11
 250000 2.97681e+14 2.83031e+14 2.52251e+14 2.66185e+14 2.61963e+14 2.77021e+14 2.6839e+14 2.72096e+14 5.63337e+11
 300000 4.26153e+14 4.05093e+14 3.60751e+14 3.8086e+14 3.74729e+14 3.96327e+14 3.83972e+14 3.89316e+14 5.63629e+11
 350000 5.76662e+14 5.48049e+14 4.87666e+14 5.15092e+14 5.06679e+14 5.35956e+14 5.19243e+14 5.26529e+14 5.63929e+11
 400000 7.48816e+14 7.1151e+14 6.32607e+14 6.68498e+14 6.57428e+14 6.95504e+14 6.7381e+14 6.83344e+14 5.6423e+11
 450000 9.42236e+14 8.95096e+14 7.95187e+14 8.40702e+14 8.26597e+14 8.74566e+14 8.47289e+14 8.59376e+14 5.64536e+11
 500000 1.15655e+15 1.09843e+15 9.75024e+14 1.03134e+15 1.01382e+15 1.07274e+15 1.0393e+15 1.05425e+15 5.64846e+11
 550000 1.39138e+15 1.32113e+15 1.17174e+15 1.24004e+15 1.21872e+15 1.28964e+15 1.24947e+15 1.26758e+15 5.65156e+11
 600000 1.64637e+15 1.56284e+15 1.38498e+15 1.46647e+15 1.44096e+15 1.52487e+15 1.47743e+15 1.49902e+15 5.65467e+11
 650000 1.92115e+15 1.82318e+15 1.61438e+15 1.71026e+15 1.68019e+15 1.77805e+15 1.72283e+15 1.74819e+15 5.65774e+11
 700000 2.21536e+15 2.1018e+15 1.8596e+15 1.97107e+15 1.93606e+15 2.04881e+15 1.98532e+15 2.01476e+15 5.66082e+11
 750000 2.52863e+15 2.39835e+15 2.12031e+15 2.24855e+15 2.20825e+15 2.33679e+15 2.26453e+15 2.29836e+15 5.66386e+11
 800000 2.8606e+15 2.71251e+15 2.39618e+15 2.54237e+15 2.49641e+15 2.64161e+15 2.56013e+15 2.59865e+15 5.66693e+11
 850000 3.21091e+15 3.04392e+15 2.68688e+15 2.85219e+15 2.80023e+15 2.96291e+15 2.87178e+15 2.91529e+15 5.66991e+11
 900000 3.57923e+15 3.39228e+15 2.9921e+15 3.17767e+15 3.11939e+15 3.30035e+15 3.19914e+15 3.24796e+15 5.67292e+11
 950000 3.9652e+15 3.75726e+15 3.31155e+15 3.51848e+15 3.45359e+15 3.65358e+15 3.54188e+15 3.59633e+15 5.67593e+11
 1e+06 4.3685e+15 4.13854e+15 3.64493e+15 3.8743e+15 3.80251e+15 4.02226e+15 3.89969e+15 3.96008e+15 5.67838e+11
 1e+06 4.37023e+15 4.13139e+15 3.64115e+15 3.87491e+15 3.80535e+15 4.01503e+15 3.89843e+15 3.9581e+15 5.06067e+09
 2e+06 1.56165e+16 1.4745e+16 1.28441e+16 1.36893e+16 1.34318e+16 1.41439e+16 1.3755e+16 1.40137e+16 1.00118e+10
 3e+06 3.16399e+16 2.98103e+16 2.57896e+16 2.7432e+16 2.67853e+16 2.8138e+16 2.74518e+16 2.8103e+16 1.48284e+10
 4e+06 5.11293e+16 4.79438e+16 4.13799e+16 4.37119e+16 4.24456e+16 4.46886e+16 4.36154e+16 4.48963e+16 1.97296e+10
 5e+06 7.30647e+16 6.7989e+16 5.87994e+16 6.16102e+16 5.96256e+16 6.30154e+16 6.14171e+16 6.34973e+16 2.44083e+10
 6e+06 9.67706e+16 8.91124e+16 7.7323e+16 8.05572e+16 7.79528e+16 8.25857e+16 8.03652e+16 8.33133e+16 2.9163e+10
 7e+06 1.21745e+17 1.10823e+17 9.65606e+16 1.00218e+17 9.72356e+16 1.0307e+17 1.00174e+17 1.03988e+17 3.40753e+10
 8e+06 1.47572e+17 1.32758e+17 1.16177e+17 1.20283e+17 1.17241e+17 1.24466e+17 1.20664e+17 1.25266e+17 3.87834e+10
 9e+06 1.73964e+17 1.54898e+17 1.35944e+17 1.40501e+17 1.37744e+17 1.46687e+17 1.41644e+17 1.46961e+17 4.3428e+10
 1e+07 2.00782e+17 1.77334e+17 1.55892e+17 1.60661e+17 1.58637e+17 1.69483e+17 1.62927e+17 1.68957e+17 4.82686e+10
 1.1e+07 2.27999e+17 1.99987e+17 1.76079e+17 1.80658e+17 1.79951e+17 1.92545e+17 1.84385e+17 1.91173e+17 5.32556e+10
 1.2e+07 2.55571e+17 2.22751e+17 1.96431e+17 2.0047e+17 2.01582e+17 2.15689e+17 2.05913e+17 2.13515e+17 5.78023e+10
 1.3e+07 2.83534e+17 2.45443e+17 2.16886e+17 2.20139e+17 2.23345e+17 2.38836e+17 2.2744e+17 2.35912e+17 6.23962e+10
 1.4e+07 3.11946e+17 2.68087e+17 2.37563e+17 2.39709e+17 2.45238e+17 2.62023e+17 2.4899e+17 2.58407e+17 6.70108e+10
 1.5e+07 3.40686e+17 2.90723e+17 2.58364e+17 2.59259e+17 2.67234e+17 2.85189e+17 2.70561e+17 2.80973e+17 7.1535e+10
 1.6e+07 3.69556e+17 3.13328e+17 2.79186e+17 2.78831e+17 2.89373e+17 3.08292e+17 2.92165e+17 3.03575e+17 7.593e+10
 1.7e+07 3.98361e+17 3.35964e+17 3.00004e+17 2.98347e+17 3.11666e+17 3.31336e+17 3.13783e+17 3.2618e+17 8.05565e+10
 1.8e+07 4.26992e+17 3.58635e+17 3.20754e+17 3.17854e+17 3.34196e+17 3.54424e+17 3.35491e+17 3.48812e+17 8.50555e+10
 1.9e+07 4.55403e+17 3.81428e+17 3.4135e+17 3.37328e+17 3.56966e+17 3.77788e+17 3.57361e+17 3.71507e+17 8.9657e+10
 2e+07 4.83722e+17 4.04425e+17 3.61831e+17 3.56783e+17 3.79833e+17 4.01591e+17 3.79402e+17 3.94305e+17 9.40531e+10
 2e+07 4.9815e+17 4.01509e+17 3.69821e+17 3.52745e+17 3.78033e+17 4.12504e+17 3.81094e+17 3.9792e+17 8.55179e+10
 4e+07 1.10175e+18 8.90638e+17 7.48446e+17 7.61202e+17 8.31048e+17 9.07273e+17 8.33174e+17 8.65349e+17 1.73996e+11
 6e+07 1.76135e+18 1.36835e+18 1.14886e+18 1.14936e+18 1.3878e+18 1.53214e+18 1.35643e+18 1.38433e+18 2.80723e+11
 8e+07 2.51523e+18 1.93708e+18 1.56893e+18 1.55438e+18 1.85385e+18 2.24749e+18 1.88524e+18 1.93398e+18 4.13182e+11
 1e+08 3.38728e+18 2.56092e+18 1.98009e+18 1.92588e+18 2.32843e+18 2.9415e+18 2.3986e+18 2.49627e+18 5.79968e+11
 1.2e+08 4.3173e+18 3.13537e+18 2.50975e+18 2.21139e+18 2.73428e+18 3.61567e+18 2.85378e+18 3.04059e+18 7.35189e+11
 1.4e+08 5.24476e+18 3.59704e+18 3.0712e+18 2.51111e+18 3.1052e+18 4.21246e+18 3.27625e+18 3.55415e+18 9.04577e+11
 1.6e+08 6.34529e+18 4.07992e+18 3.6303e+18 2.87548e+18 3.42552e+18 4.89104e+18 3.73068e+18 4.11248e+18 1.07504e+12
 1.8e+08 7.48182e+18 4.48749e+18 4.13348e+18 3.41407e+18 3.72558e+18 5.5416e+18 4.22708e+18 4.68329e+18 1.19288e+12
 2e+08 8.58864e+18 4.70199e+18 4.53831e+18 3.92865e+18 3.91819e+18 5.96978e+18 4.60554e+18 5.14051e+18 1.324e+12
 2.2e+08 9.74849e+18 4.95464e+18 4.90246e+18 4.27116e+18 4.12054e+18 6.38435e+18 4.92535e+18 5.56929e+18 1.46066e+12
 2.4e+08 1.108e+19 5.40994e+18 5.30134e+18 4.7382e+18 4.24605e+18 6.69029e+18 5.22485e+18 6.04041e+18 1.63066e+12
 2.6e+08 1.258e+19 5.95957e+18 5.72473e+18 5.26247e+18 4.5197e+18 6.95345e+18 5.57854e+18 6.58236e+18 1.78935e+12
 2.8e+08 1.40743e+19 6.4948e+18 6.15589e+18 5.66015e+18 4.8891e+18 7.28412e+18 5.94446e+18 7.13e+18 1.9533e+12
 3e+08 1.54358e+19 7.12734e+18 6.57133e+18 6.08045e+18 5.34196e+18 7.59168e+18 6.33803e+18 7.68742e+18 2.14123e+12
 3.2e+08 1.67699e+19 7.88606e+18 6.8961e+18 6.48988e+18 5.78417e+18 8.04034e+18 6.77146e+18 8.26982e+18 2.33939e+12
 3.4e+08 1.81282e+19 8.8323e+18 7.1507e+18 6.79407e+18 6.19019e+18 8.3862e+18 7.12349e+18 8.82225e+18 2.53509e+12
 3.6e+08 1.96142e+19 9.88799e+18 7.40348e+18 7.04355e+18 6.48518e+18 8.73115e+18 7.41996e+18 9.37273e+18 2.75297e+12
 3.8e+08 2.11475e+19 1.10575e+19 7.79069e+18 7.30339e+18 6.55199e+18 9.16253e+18 7.67263e+18 9.93634e+18 2.94724e+12
 4e+08 2.29583e+19 1.23689e+19 8.1859e+18 7.70266e+18 6.58873e+18 9.76233e+18 8.01791e+18 1.06125e+19 3.13473e+12
 4e+08 1.67581e+19 9.17266e+18 3.7749e+18 6.53588e+18 1.41148e+18 3.64508e+18 3.86415e+18 6.27925e+18 5.09639e+12
 8e+08 5.44055e+19 2.73149e+19 8.11864e+18 8.47514e+18 2.76886e+18 1.0236e+19 7.16e+18 1.62745e+19 8.75099e+12
 1.2e+09 9.87991e+19 4.58589e+19 1.31256e+19 7.01649e+18 2.87798e+18 1.08168e+19 6.90376e+18 2.51801e+19 8.29938e+12
 1.6e+09 1.04669e+20 4.79205e+19 1.10554e+19 1.87864e+19 9.26081e+17 1.05468e+19 1.00864e+19 2.78712e+19 3.67274e+12
 2e+09 1.02795e+20 2.60716e+19 2.53284e+19 3.33242e+19 2.51408e+14 1.62378e+19 1.65207e+19 3.04717e+19 1.49767e+12
