Ar
#NOTE: MSDs should be divided by the temperature.
#NOTE: MSDs have been divided by 2 or 10 (i.e., the viscosity computed from all components).
#Time	MSD_xx	MSD_yy	MSD_zz	MSD_xy	MSD_xz	MSD_yz	MSD_off	MSD_all	MSD_bulkvisc
 50000 1.40422e+13 1.38724e+13 1.31258e+13 1.3876e+13 1.42073e+13 1.39932e+13 1.40255e+13 1.38873e+13 3.80285e+08
 100000 5.56752e+13 5.49974e+13 5.20051e+13 5.49791e+13 5.62965e+13 5.54451e+13 5.55736e+13 5.50345e+13 5.82947e+10
 150000 1.24252e+14 1.22732e+14 1.15991e+14 1.22618e+14 1.25552e+14 1.2366e+14 1.23943e+14 1.22763e+14 5.87305e+10
 200000 2.19155e+14 2.16463e+14 2.04467e+14 2.16141e+14 2.21282e+14 2.17977e+14 2.18467e+14 2.16425e+14 5.91856e+10
 250000 3.39794e+14 3.35593e+14 3.16849e+14 3.34938e+14 3.42837e+14 3.37771e+14 3.38516e+14 3.35407e+14 5.95851e+10
 300000 4.85595e+14 4.79535e+14 4.5258e+14 4.78427e+14 4.89608e+14 4.82452e+14 4.83496e+14 4.79125e+14 6.00519e+10
 350000 6.56009e+14 6.47727e+14 6.11124e+14 6.46058e+14 6.61013e+14 6.51452e+14 6.52841e+14 6.47019e+14 6.04906e+10
 400000 8.50513e+14 8.39624e+14 7.91966e+14 8.37303e+14 8.56492e+14 8.44232e+14 8.46009e+14 8.38552e+14 6.09379e+10
 450000 1.0686e+15 1.0547e+15 9.94612e+14 1.05165e+15 1.07551e+15 1.06027e+15 1.06248e+15 1.05321e+15 6.14046e+10
 500000 1.30978e+15 1.29246e+15 1.21859e+15 1.28862e+15 1.31754e+15 1.29908e+15 1.30175e+15 1.29049e+15 6.19187e+10
 550000 1.57356e+15 1.55239e+15 1.46344e+15 1.54772e+15 1.58209e+15 1.56018e+15 1.56333e+15 1.54992e+15 6.2403e+10
 600000 1.85946e+15 1.83403e+15 1.72874e+15 1.8285e+15 1.86868e+15 1.84308e+15 1.84675e+15 1.83102e+15 6.29036e+10
 650000 2.167e+15 2.13691e+15 2.01404e+15 2.13053e+15 2.17685e+15 2.14733e+15 2.15157e+15 2.13333e+15 6.3346e+10
 700000 2.49573e+15 2.46058e+15 2.31894e+15 2.45337e+15 2.50613e+15 2.47247e+15 2.47732e+15 2.45643e+15 6.38315e+10
 750000 2.84521e+15 2.80461e+15 2.64301e+15 2.79662e+15 2.85609e+15 2.81806e+15 2.82359e+15 2.79987e+15 6.42996e+10
 800000 3.21502e+15 3.16857e+15 2.98586e+15 3.15986e+15 3.22633e+15 3.18367e+15 3.18995e+15 3.16323e+15 6.47613e+10
 850000 3.60475e+15 3.55205e+15 3.34711e+15 3.54268e+15 3.61648e+15 3.5689e+15 3.57602e+15 3.54613e+15 6.52375e+10
 900000 4.014e+15 3.95468e+15 3.72636e+15 3.9447e+15 4.02617e+15 3.97335e+15 3.98141e+15 3.94818e+15 6.58279e+10
 950000 4.44239e+15 4.3761e+15 4.12325e+15 4.36553e+15 4.45506e+15 4.39667e+15 4.40575e+15 4.36902e+15 6.63187e+10
 1e+06 4.88957e+15 4.81594e+15 4.53742e+15 4.8048e+15 4.90281e+15 4.83849e+15 4.8487e+15 4.80828e+15 6.67845e+10
 1e+06 4.88388e+15 4.8194e+15 4.53612e+15 4.80924e+15 4.89776e+15 4.8267e+15 4.84457e+15 4.80533e+15 9.62755e+09
 2e+06 1.72702e+16 1.70305e+16 1.59612e+16 1.69394e+16 1.73597e+16 1.70768e+16 1.71253e+16 1.69768e+16 1.99558e+10
 3e+06 3.48884e+16 3.44561e+16 3.20496e+16 3.40318e+16 3.51926e+16 3.44748e+16 3.45664e+16 3.42591e+16 3.21695e+10
 4e+06 5.61859e+16 5.54767e+16 5.12861e+16 5.45874e+16 5.68957e+16 5.57164e+16 5.57332e+16 5.51664e+16 4.42319e+10
 5e+06 8.00055e+16 7.88976e+16 7.27506e+16 7.75699e+16 8.13443e+16 7.98269e+16 7.95804e+16 7.86354e+16 5.62126e+10
 6e+06 1.05656e+17 1.04018e+17 9.59381e+16 1.02173e+17 1.07743e+17 1.05989e+17 1.05302e+17 1.03929e+17 6.84697e+10
 7e+06 1.32733e+17 1.30429e+17 1.20581e+17 1.27622e+17 1.35651e+17 1.33568e+17 1.3228e+17 1.30534e+17 8.07612e+10
 8e+06 1.60953e+17 1.57862e+17 1.46405e+17 1.53346e+17 1.648e+17 1.62046e+17 1.60064e+17 1.58068e+17 9.32076e+10
 9e+06 1.8999e+17 1.86025e+17 1.73194e+17 1.79069e+17 1.9516e+17 1.9099e+17 1.88406e+17 1.86272e+17 1.05954e+11
 1e+07 2.1962e+17 2.1474e+17 2.00719e+17 2.04649e+17 2.26689e+17 2.20265e+17 2.17201e+17 2.14998e+17 1.19272e+11
 1.1e+07 2.49761e+17 2.43909e+17 2.288e+17 2.29994e+17 2.59363e+17 2.49725e+17 2.4636e+17 2.44146e+17 1.32937e+11
 1.2e+07 2.80447e+17 2.73339e+17 2.57263e+17 2.54991e+17 2.93237e+17 2.79492e+17 2.75907e+17 2.73684e+17 1.46803e+11
 1.3e+07 3.11775e+17 3.02964e+17 2.85941e+17 2.79466e+17 3.28153e+17 3.09729e+17 3.05783e+17 3.0356e+17 1.61189e+11
 1.4e+07 3.43749e+17 3.32768e+17 3.1467e+17 3.03381e+17 3.63761e+17 3.40457e+17 3.35866e+17 3.33678e+17 1.75564e+11
 1.5e+07 3.76211e+17 3.62553e+17 3.43241e+17 3.2679e+17 3.99688e+17 3.716e+17 3.66026e+17 3.63883e+17 1.89019e+11
 1.6e+07 4.08961e+17 3.92186e+17 3.71591e+17 3.49798e+17 4.35556e+17 4.03037e+17 3.9613e+17 3.94043e+17 2.02703e+11
 1.7e+07 4.41817e+17 4.21601e+17 3.99565e+17 3.7238e+17 4.71111e+17 4.34833e+17 4.26108e+17 4.24063e+17 2.16037e+11
 1.8e+07 4.74775e+17 4.50645e+17 4.26893e+17 3.94578e+17 5.06186e+17 4.66974e+17 4.55912e+17 4.53856e+17 2.2937e+11
 1.9e+07 5.07782e+17 4.7926e+17 4.53442e+17 4.16431e+17 5.40742e+17 4.99281e+17 4.85485e+17 4.83355e+17 2.43119e+11
 2e+07 5.40685e+17 5.07289e+17 4.79211e+17 4.37863e+17 5.74627e+17 5.31688e+17 5.14726e+17 5.1246e+17 2.56496e+11
 2e+07 5.16887e+17 5.25143e+17 4.89945e+17 4.15198e+17 6.06921e+17 5.53237e+17 5.25119e+17 5.19334e+17 2.79416e+11
 4e+07 1.21209e+18 9.92022e+17 9.19871e+17 8.10858e+17 1.31303e+18 1.16618e+18 1.09669e+18 1.07454e+18 5.09775e+11
 6e+07 1.73865e+18 1.32676e+18 1.24627e+18 1.12015e+18 1.87876e+18 1.94956e+18 1.64949e+18 1.56458e+18 7.06682e+11
 8e+07 2.22071e+18 1.60728e+18 1.47977e+18 1.38293e+18 2.29549e+18 2.83011e+18 2.16951e+18 2.00941e+18 9.57969e+11
 1e+08 2.62375e+18 1.86163e+18 1.7006e+18 1.46828e+18 2.47588e+18 3.59248e+18 2.51221e+18 2.33212e+18 1.12654e+12
 1.2e+08 2.93665e+18 2.08943e+18 1.94119e+18 1.40246e+18 2.57329e+18 4.49037e+18 2.82204e+18 2.62219e+18 1.32949e+12
 1.4e+08 3.11276e+18 2.17898e+18 2.19438e+18 1.43886e+18 2.80982e+18 5.19328e+18 3.14732e+18 2.88654e+18 1.46341e+12
 1.6e+08 3.19809e+18 2.43499e+18 2.39388e+18 1.58411e+18 3.12812e+18 6.0136e+18 3.57527e+18 3.21543e+18 1.56828e+12
 1.8e+08 3.39382e+18 2.81218e+18 2.65301e+18 1.65307e+18 3.45021e+18 7.01598e+18 4.03975e+18 3.60505e+18 1.66731e+12
 2e+08 3.50291e+18 3.16444e+18 2.66767e+18 1.82605e+18 3.7519e+18 8.11882e+18 4.56559e+18 3.98402e+18 1.72915e+12
 2.2e+08 3.63094e+18 3.30025e+18 2.53597e+18 1.92693e+18 3.97166e+18 9.61536e+18 5.17131e+18 4.36507e+18 1.80263e+12
 2.4e+08 3.86776e+18 3.45938e+18 2.62602e+18 2.06475e+18 4.01376e+18 1.13031e+19 5.79388e+18 4.80342e+18 1.89695e+12
 2.6e+08 4.21006e+18 3.54706e+18 2.71557e+18 2.27751e+18 4.00068e+18 1.31134e+19 6.46385e+18 5.27467e+18 2.01509e+12
 2.8e+08 4.47493e+18 3.63585e+18 2.90796e+18 2.45434e+18 3.96627e+18 1.50394e+19 7.15335e+18 5.76117e+18 2.17083e+12
 3e+08 4.84385e+18 3.87739e+18 2.87371e+18 2.59918e+18 3.95556e+18 1.7045e+19 7.8666e+18 6.26595e+18 2.31693e+12
 3.2e+08 5.26828e+18 4.19293e+18 2.93407e+18 2.64599e+18 4.04318e+18 1.90421e+19 8.5771e+18 6.79897e+18 2.53116e+12
 3.4e+08 5.81635e+18 4.30796e+18 3.11846e+18 2.80443e+18 4.34115e+18 2.10705e+19 9.40535e+18 7.40892e+18 2.74798e+12
 3.6e+08 6.40134e+18 4.42342e+18 3.29415e+18 2.98434e+18 4.53183e+18 2.32149e+19 1.02437e+19 8.02874e+18 2.96028e+12
 3.8e+08 6.99361e+18 4.74353e+18 3.55136e+18 3.1826e+18 4.61368e+18 2.54187e+19 1.10717e+19 8.68147e+18 3.19648e+12
 4e+08 7.39432e+18 5.12446e+18 3.66048e+18 3.41981e+18 4.65659e+18 2.79138e+19 1.19967e+19 9.35528e+18 3.40054e+12
 4e+08 1.1781e+19 4.03892e+18 1.06001e+19 3.23264e+18 8.09385e+18 1.72657e+19 9.53071e+18 9.24109e+18 1.28827e+12
 8e+08 1.43549e+19 1.24676e+19 1.41165e+18 1.74274e+18 5.96222e+18 7.41944e+19 2.72998e+19 2.01444e+19 1.55409e+12
 1.2e+09 2.80208e+19 1.26007e+19 1.62986e+19 8.3831e+17 9.77135e+18 1.74982e+20 6.18639e+19 4.47077e+19 9.47692e+11
 1.6e+09 1.24512e+19 3.53503e+18 5.47834e+18 6.37527e+18 1.93179e+19 2.62283e+20 9.59922e+19 6.04573e+19 3.61785e+12
 2e+09 3.68496e+19 5.29139e+16 3.41098e+19 1.60236e+18 1.10611e+19 3.07648e+20 1.0677e+20 7.35305e+19 4.16908e+12
