Ar
#NOTE: MSDs should be divided by the temperature.
#NOTE: MSDs have been divided by 2 or 10 (i.e., the viscosity computed from all components).
#Time	MSD_xx	MSD_yy	MSD_zz	MSD_xy	MSD_xz	MSD_yz	MSD_off	MSD_all	MSD_bulkvisc
 50000 1.12125e+13 1.07761e+13 1.04255e+13 1.02715e+13 1.04792e+13 1.06742e+13 1.0475e+13 1.06069e+13 2.24343e+08
 100000 4.45305e+13 4.27893e+13 4.13861e+13 4.07691e+13 4.16042e+13 4.23838e+13 4.15857e+13 4.21122e+13 5.62415e+11
 150000 9.95207e+13 9.56151e+13 9.24524e+13 9.10594e+13 9.29542e+13 9.47088e+13 9.29075e+13 9.40896e+13 5.62704e+11
 200000 1.7576e+14 1.68837e+14 1.63195e+14 1.60709e+14 1.64119e+14 1.67234e+14 1.64021e+14 1.66118e+14 5.62994e+11
 250000 2.7283e+14 2.62051e+14 2.53194e+14 2.49288e+14 2.54699e+14 2.59553e+14 2.54514e+14 2.57785e+14 5.63288e+11
 300000 3.90321e+14 3.74864e+14 3.62046e+14 3.56372e+14 3.64296e+14 3.71265e+14 3.63978e+14 3.68684e+14 5.6358e+11
 350000 5.27829e+14 5.06887e+14 4.89349e+14 4.81542e+14 4.92518e+14 5.01969e+14 4.9201e+14 4.98415e+14 5.6387e+11
 400000 6.8495e+14 6.5774e+14 6.3471e+14 6.24391e+14 6.38984e+14 6.51269e+14 6.38215e+14 6.46582e+14 5.64159e+11
 450000 8.61287e+14 8.27051e+14 7.97743e+14 7.84529e+14 8.03319e+14 8.18774e+14 8.02207e+14 8.12802e+14 5.64447e+11
 500000 1.05645e+15 1.01446e+15 9.78072e+14 9.61567e+14 9.85161e+14 1.0041e+15 9.83608e+14 9.96696e+14 5.64742e+11
 550000 1.27006e+15 1.21961e+15 1.17533e+15 1.15513e+15 1.18415e+15 1.20686e+15 1.18205e+15 1.1979e+15 5.6503e+11
 600000 1.50175e+15 1.44217e+15 1.38916e+15 1.36486e+15 1.39995e+15 1.42668e+15 1.39717e+15 1.41604e+15 5.65315e+11
 650000 1.75113e+15 1.6818e+15 1.61923e+15 1.5904e+15 1.63221e+15 1.66322e+15 1.62861e+15 1.65079e+15 5.6522e+11
 700000 2.01787e+15 1.93817e+15 1.86519e+15 1.8314e+15 1.88061e+15 1.91609e+15 1.87603e+15 1.90178e+15 5.65516e+11
 750000 2.3016e+15 2.21097e+15 2.12671e+15 2.08753e+15 2.14481e+15 2.18497e+15 2.1391e+15 2.1687e+15 5.65796e+11
 800000 2.60199e+15 2.49988e+15 2.40347e+15 2.35849e+15 2.4245e+15 2.4695e+15 2.4175e+15 2.45121e+15 5.6609e+11
 850000 2.9187e+15 2.80459e+15 2.69517e+15 2.64396e+15 2.71936e+15 2.76934e+15 2.71089e+15 2.749e+15 5.6638e+11
 900000 3.25139e+15 3.12479e+15 3.00149e+15 2.94364e+15 3.0291e+15 3.08417e+15 3.01897e+15 3.06174e+15 5.65743e+11
 950000 3.59974e+15 3.46017e+15 3.32211e+15 3.25722e+15 3.3534e+15 3.41364e+15 3.34142e+15 3.38912e+15 5.65996e+11
 1e+06 3.96343e+15 3.81044e+15 3.65674e+15 3.5844e+15 3.69199e+15 3.75746e+15 3.67795e+15 3.73085e+15 5.66284e+11
 1e+06 3.96442e+15 3.8059e+15 3.65786e+15 3.58661e+15 3.70067e+15 3.74204e+15 3.67644e+15 3.72962e+15 5.02762e+09
 2e+06 1.40396e+16 1.3536e+16 1.28879e+16 1.25722e+16 1.30748e+16 1.32053e+16 1.29508e+16 1.31656e+16 1.0162e+10
 3e+06 2.83306e+16 2.73131e+16 2.57824e+16 2.49463e+16 2.61787e+16 2.64672e+16 2.58641e+16 2.63753e+16 1.55122e+10
 4e+06 4.56094e+16 4.39281e+16 4.10638e+16 3.94602e+16 4.17953e+16 4.22623e+16 4.11726e+16 4.2117e+16 2.10637e+10
 5e+06 6.51611e+16 6.26192e+16 5.79109e+16 5.53191e+16 5.91309e+16 5.96702e+16 5.80401e+16 5.95829e+16 2.66878e+10
 6e+06 8.64525e+16 8.27975e+16 7.58378e+16 7.18862e+16 7.77574e+16 7.81651e+16 7.59362e+16 7.82401e+16 3.18728e+10
 7e+06 1.08984e+17 1.03991e+17 9.44021e+16 8.87293e+16 9.73461e+16 9.74352e+16 9.45035e+16 9.76859e+16 3.7323e+10
 8e+06 1.32369e+17 1.25949e+17 1.13279e+17 1.05572e+17 1.1765e+17 1.17338e+17 1.1352e+17 1.17658e+17 4.29041e+10
 9e+06 1.56407e+17 1.48629e+17 1.32413e+17 1.22277e+17 1.3842e+17 1.37701e+17 1.32799e+17 1.38006e+17 4.8345e+10
 1e+07 1.808e+17 1.71966e+17 1.51855e+17 1.38769e+17 1.59482e+17 1.5846e+17 1.52237e+17 1.58625e+17 5.38486e+10
 1.1e+07 2.05442e+17 1.95888e+17 1.71661e+17 1.55005e+17 1.80793e+17 1.79555e+17 1.71784e+17 1.79469e+17 5.93429e+10
 1.2e+07 2.30341e+17 2.20414e+17 1.9183e+17 1.71113e+17 2.02225e+17 2.00786e+17 1.91375e+17 2.00503e+17 6.4694e+10
 1.3e+07 2.55664e+17 2.45605e+17 2.12213e+17 1.87213e+17 2.23644e+17 2.22096e+17 2.10985e+17 2.21722e+17 7.04574e+10
 1.4e+07 2.81559e+17 2.71415e+17 2.32657e+17 2.03273e+17 2.44946e+17 2.43409e+17 2.30542e+17 2.43076e+17 7.63231e+10
 1.5e+07 3.08027e+17 2.97725e+17 2.53005e+17 2.19128e+17 2.66145e+17 2.64705e+17 2.49993e+17 2.64497e+17 8.2017e+10
 1.6e+07 3.34883e+17 3.24469e+17 2.73172e+17 2.34675e+17 2.8722e+17 2.86111e+17 2.69335e+17 2.85938e+17 8.79103e+10
 1.7e+07 3.61968e+17 3.51646e+17 2.93126e+17 2.49868e+17 3.08214e+17 3.0785e+17 2.88644e+17 3.07418e+17 9.36635e+10
 1.8e+07 3.89095e+17 3.79313e+17 3.12939e+17 2.6482e+17 3.29195e+17 3.30008e+17 3.08008e+17 3.28984e+17 9.96058e+10
 1.9e+07 4.16378e+17 4.07375e+17 3.32836e+17 2.79698e+17 3.50268e+17 3.5259e+17 3.27519e+17 3.50723e+17 1.05235e+11
 2e+07 4.43975e+17 4.35747e+17 3.53004e+17 2.94679e+17 3.71408e+17 3.75614e+17 3.47234e+17 3.72704e+17 1.1074e+11
 2e+07 4.55583e+17 3.88062e+17 3.36666e+17 3.03261e+17 3.16216e+17 3.54999e+17 3.24825e+17 3.5227e+17 1.16465e+11
 4e+07 1.08394e+18 1.01397e+18 8.41787e+17 6.43069e+17 7.30963e+17 8.26032e+17 7.33355e+17 8.31972e+17 2.25088e+11
 6e+07 1.61838e+18 1.7112e+18 1.27484e+18 1.05696e+18 1.15039e+18 1.29607e+18 1.16781e+18 1.31461e+18 3.32366e+11
 8e+07 2.06545e+18 2.41469e+18 1.66991e+18 1.46864e+18 1.64083e+18 1.77049e+18 1.62665e+18 1.796e+18 4.49582e+11
 1e+08 2.33877e+18 3.17518e+18 2.00805e+18 1.76701e+18 2.20357e+18 2.20838e+18 2.05966e+18 2.23873e+18 5.77173e+11
 1.2e+08 2.62925e+18 4.09087e+18 2.39459e+18 2.05068e+18 2.76159e+18 2.67445e+18 2.49557e+18 2.71264e+18 6.86328e+11
 1.4e+08 3.08334e+18 5.18721e+18 2.8634e+18 2.44297e+18 3.26359e+18 3.14399e+18 2.95018e+18 3.25464e+18 7.85059e+11
 1.6e+08 3.509e+18 6.42103e+18 3.50677e+18 2.86697e+18 3.82935e+18 3.67181e+18 3.45605e+18 3.8652e+18 9.12847e+11
 1.8e+08 3.94832e+18 7.78014e+18 4.31196e+18 3.39039e+18 4.45518e+18 4.13673e+18 3.9941e+18 4.53518e+18 1.05723e+12
 2e+08 4.33514e+18 9.11181e+18 5.09302e+18 3.99006e+18 5.10944e+18 4.60764e+18 4.56904e+18 5.21342e+18 1.19428e+12
 2.2e+08 4.59712e+18 1.04588e+19 5.8371e+18 4.58344e+18 5.82928e+18 5.13099e+18 5.18124e+18 5.89448e+18 1.26802e+12
 2.4e+08 4.72818e+18 1.1944e+19 6.63181e+18 5.23964e+18 6.58603e+18 5.79439e+18 5.87335e+18 6.63121e+18 1.32858e+12
 2.6e+08 4.93929e+18 1.35052e+19 7.49882e+18 5.75111e+18 7.37488e+18 6.51418e+18 6.54672e+18 7.38715e+18 1.37698e+12
 2.8e+08 5.09202e+18 1.50477e+19 8.42777e+18 6.21539e+18 8.22638e+18 7.27741e+18 7.23973e+18 8.15283e+18 1.36322e+12
 3e+08 5.23447e+18 1.65818e+19 9.46374e+18 6.61067e+18 9.30771e+18 7.99347e+18 7.97062e+18 8.95304e+18 1.33787e+12
 3.2e+08 5.59237e+18 1.82299e+19 1.07358e+19 7.09662e+18 1.04812e+19 8.57538e+18 8.71774e+18 9.83839e+18 1.3347e+12
 3.4e+08 5.93956e+18 2.002e+19 1.20163e+19 7.67964e+18 1.16304e+19 9.11369e+18 9.47458e+18 1.07482e+19 1.37935e+12
 3.6e+08 6.25501e+18 2.18441e+19 1.32017e+19 8.44108e+18 1.2789e+19 9.6179e+18 1.02826e+19 1.16764e+19 1.41478e+12
 3.8e+08 6.47815e+18 2.36851e+19 1.43928e+19 9.21466e+18 1.39298e+19 1.01854e+19 1.111e+19 1.26068e+19 1.43941e+12
 4e+08 6.3814e+18 2.54029e+19 1.5569e+19 1.00017e+19 1.51937e+19 1.09302e+19 1.20419e+19 1.35389e+19 1.46678e+12
 4e+08 6.87634e+18 2.30248e+19 1.37381e+19 1.22556e+19 1.28231e+19 5.57969e+18 1.02195e+19 1.19502e+19 8.50915e+11
 8e+08 1.24928e+19 5.77996e+19 4.10792e+19 3.0172e+19 4.43707e+19 1.19793e+19 2.88407e+19 3.2154e+19 1.55896e+12
 1.2e+09 6.25063e+18 7.89222e+19 6.73724e+19 2.63538e+19 7.26486e+19 1.61081e+19 3.83702e+19 4.33615e+19 2.00947e+12
 1.6e+09 3.29476e+17 6.96076e+19 6.67433e+19 9.6711e+18 8.75303e+19 4.13417e+19 4.6181e+19 4.59327e+19 1.9173e+12
 2e+09 4.85861e+18 2.15939e+19 4.69383e+19 5.94901e+18 1.32103e+20 6.44875e+19 6.7513e+19 5.02933e+19 9.40212e+11
