Ar
#NOTE: MSDs should be divided by the temperature.
#NOTE: MSDs have been divided by 2 or 10 (i.e., the viscosity computed from all components).
#Time	MSD_xx	MSD_yy	MSD_zz	MSD_xy	MSD_xz	MSD_yz	MSD_off	MSD_all	MSD_bulkvisc
 50000 6.04389e+11 6.5585e+11 6.37206e+11 5.92101e+11 5.97698e+11 6.11221e+11 6.0034e+11 6.13197e+11 1.9181e+09
 100000 2.29478e+12 2.49883e+12 2.42637e+12 2.24534e+12 2.26801e+12 2.32011e+12 2.27782e+12 2.32935e+12 6.61574e+10
 150000 4.92398e+12 5.37736e+12 5.21723e+12 4.8124e+12 4.86541e+12 4.97381e+12 4.88387e+12 4.99946e+12 6.82656e+10
 200000 8.36611e+12 9.16032e+12 8.87752e+12 8.1713e+12 8.26418e+12 8.44051e+12 8.29199e+12 8.49572e+12 7.04467e+10
 250000 1.25129e+13 1.37329e+13 1.32916e+13 1.22162e+13 1.23535e+13 1.26082e+13 1.23926e+13 1.27072e+13 7.25996e+10
 300000 1.72733e+13 1.89934e+13 1.83631e+13 1.6857e+13 1.70365e+13 1.73804e+13 1.70913e+13 1.75388e+13 7.47334e+10
 350000 2.25669e+13 2.48511e+13 2.40071e+13 2.20129e+13 2.22277e+13 2.26746e+13 2.23051e+13 2.29064e+13 7.63059e+10
 400000 2.83215e+13 3.12244e+13 3.01478e+13 2.76147e+13 2.78556e+13 2.84189e+13 2.79631e+13 2.8737e+13 7.80605e+10
 450000 3.44726e+13 3.80429e+13 3.67224e+13 3.36039e+13 3.3859e+13 3.45521e+13 3.4005e+13 3.4968e+13 8.0254e+10
 500000 4.0965e+13 4.52459e+13 4.36807e+13 3.99266e+13 4.01837e+13 4.10228e+13 4.03777e+13 4.15455e+13 8.2427e+10
 550000 4.7752e+13 5.2778e+13 5.09802e+13 4.65346e+13 4.67807e+13 4.77871e+13 4.70341e+13 4.84218e+13 8.45528e+10
 600000 5.47919e+13 6.05926e+13 5.85868e+13 5.33852e+13 5.36053e+13 5.4807e+13 5.39325e+13 5.55557e+13 8.6636e+10
 650000 6.205e+13 6.86499e+13 6.64723e+13 6.0441e+13 6.06217e+13 6.2049e+13 6.10372e+13 6.2912e+13 8.8706e+10
 700000 6.94968e+13 7.69186e+13 7.46146e+13 6.76709e+13 6.78027e+13 6.94849e+13 6.83195e+13 7.04624e+13 9.07715e+10
 750000 7.71075e+13 8.53713e+13 8.29927e+13 7.505e+13 7.51227e+13 7.70895e+13 7.57541e+13 7.8182e+13 9.28801e+10
 800000 8.48598e+13 9.3983e+13 9.15875e+13 8.25602e+13 8.2558e+13 8.48407e+13 8.33196e+13 8.60492e+13 9.50376e+10
 850000 9.27338e+13 1.02732e+14 1.00379e+14 9.01853e+13 9.00868e+13 9.27207e+13 9.09976e+13 9.40445e+13 9.67658e+10
 900000 1.0071e+14 1.11602e+14 1.0935e+14 9.79096e+13 9.76912e+13 1.00716e+14 9.87723e+13 1.02152e+14 9.89402e+10
 950000 1.08771e+14 1.20577e+14 1.18482e+14 1.05717e+14 1.05356e+14 1.0882e+14 1.06631e+14 1.10356e+14 1.00585e+11
 1e+06 1.16902e+14 1.29646e+14 1.27758e+14 1.13595e+14 1.13068e+14 1.17023e+14 1.14562e+14 1.18645e+14 1.0244e+11
 1e+06 1.14314e+14 1.27503e+14 1.27756e+14 1.14287e+14 1.1142e+14 1.1843e+14 1.14712e+14 1.18104e+14 4.19352e+10
 2e+06 2.83238e+14 3.22011e+14 3.29266e+14 2.82006e+14 2.66432e+14 2.89414e+14 2.79284e+14 2.92172e+14 8.50089e+10
 3e+06 4.40264e+14 5.23904e+14 5.16537e+14 4.64252e+14 4.22896e+14 4.61122e+14 4.49423e+14 4.67081e+14 1.2631e+11
 4e+06 5.92163e+14 7.37868e+14 7.014e+14 6.4531e+14 5.78048e+14 6.43991e+14 6.2245e+14 6.44327e+14 1.68377e+11
 5e+06 7.59622e+14 9.60992e+14 8.9352e+14 8.30404e+14 7.41317e+14 8.27612e+14 7.99777e+14 8.28418e+14 2.05852e+11
 6e+06 9.22749e+14 1.18991e+15 1.10847e+15 1.0146e+15 9.10783e+14 1.01843e+15 9.81269e+14 1.01825e+15 2.40777e+11
 7e+06 1.06196e+15 1.4067e+15 1.3276e+15 1.19225e+15 1.08591e+15 1.20912e+15 1.16242e+15 1.20362e+15 2.76423e+11
 8e+06 1.20106e+15 1.60695e+15 1.5376e+15 1.36055e+15 1.26169e+15 1.39656e+15 1.3396e+15 1.38317e+15 3.13169e+11
 9e+06 1.36671e+15 1.8104e+15 1.74858e+15 1.51939e+15 1.44042e+15 1.57299e+15 1.51093e+15 1.56332e+15 3.48312e+11
 1e+07 1.53446e+15 2.02138e+15 1.9665e+15 1.68001e+15 1.62625e+15 1.74075e+15 1.68234e+15 1.74571e+15 3.85144e+11
 1.1e+07 1.69735e+15 2.23534e+15 2.20272e+15 1.85018e+15 1.81461e+15 1.91342e+15 1.8594e+15 1.9337e+15 4.21368e+11
 1.2e+07 1.86318e+15 2.45496e+15 2.46107e+15 2.01732e+15 1.9946e+15 2.08109e+15 2.03101e+15 2.1225e+15 4.60287e+11
 1.3e+07 2.03742e+15 2.67652e+15 2.73054e+15 2.16891e+15 2.15697e+15 2.24153e+15 2.18914e+15 2.30608e+15 4.98392e+11
 1.4e+07 2.21549e+15 2.90013e+15 2.99833e+15 2.31667e+15 2.31767e+15 2.39877e+15 2.34437e+15 2.48848e+15 5.34141e+11
 1.5e+07 2.383e+15 3.12209e+15 3.26015e+15 2.46694e+15 2.48419e+15 2.5585e+15 2.50321e+15 2.67062e+15 5.66656e+11
 1.6e+07 2.5514e+15 3.3335e+15 3.52723e+15 2.61479e+15 2.65427e+15 2.71319e+15 2.66075e+15 2.8514e+15 5.99449e+11
 1.7e+07 2.72118e+15 3.54596e+15 3.81251e+15 2.75728e+15 2.81595e+15 2.8644e+15 2.81254e+15 3.03148e+15 6.30678e+11
 1.8e+07 2.89689e+15 3.77226e+15 4.11481e+15 2.90966e+15 2.96695e+15 3.01017e+15 2.96226e+15 3.21522e+15 6.66483e+11
 1.9e+07 3.07113e+15 4.01154e+15 4.42086e+15 3.06393e+15 3.10333e+15 3.15304e+15 3.10676e+15 3.39786e+15 7.12001e+11
 2e+07 3.2506e+15 4.25471e+15 4.72409e+15 3.217e+15 3.23379e+15 3.30024e+15 3.25034e+15 3.58079e+15 7.55218e+11
 2e+07 3.36363e+15 4.10428e+15 4.84306e+15 4.17603e+15 2.85552e+15 3.2308e+15 3.42078e+15 3.69393e+15 6.59069e+11
 4e+07 7.65603e+15 9.64742e+15 1.12752e+16 5.46963e+15 5.37804e+15 6.02937e+15 5.62568e+15 7.1859e+15 1.40947e+12
 6e+07 1.18295e+16 1.56892e+16 1.7727e+16 8.17467e+15 7.14953e+15 8.8669e+15 8.0637e+15 1.0871e+16 2.22921e+12
 8e+07 1.71488e+16 2.34714e+16 2.51921e+16 8.91982e+15 7.91052e+15 1.26436e+16 9.82463e+15 1.46698e+16 3.12468e+12
 1e+08 2.10271e+16 3.12272e+16 3.16075e+16 9.56323e+15 8.89627e+15 1.56545e+16 1.13713e+16 1.80044e+16 4.04494e+12
 1.2e+08 2.39853e+16 4.09238e+16 3.94034e+16 1.06769e+16 1.05244e+16 1.73612e+16 1.28542e+16 2.16208e+16 5.37712e+12
 1.4e+08 2.66852e+16 4.90535e+16 4.81799e+16 1.10595e+16 1.29346e+16 1.77902e+16 1.39281e+16 2.48793e+16 6.87071e+12
 1.6e+08 2.9599e+16 5.84034e+16 5.99521e+16 1.45083e+16 1.44997e+16 1.85309e+16 1.58463e+16 2.9235e+16 8.43535e+12
 1.8e+08 3.14291e+16 7.17086e+16 7.56961e+16 1.48959e+16 1.68077e+16 1.8215e+16 1.66395e+16 3.38282e+16 1.03455e+13
 2e+08 3.31165e+16 8.44366e+16 9.22431e+16 1.73289e+16 1.95874e+16 1.68772e+16 1.79312e+16 3.87315e+16 1.22299e+13
 2.2e+08 3.33033e+16 9.65783e+16 1.09226e+17 1.91854e+16 2.23972e+16 1.45678e+16 1.87168e+16 4.31112e+16 1.39464e+13
 2.4e+08 3.38255e+16 1.05565e+17 1.26375e+17 2.22835e+16 2.39601e+16 1.47139e+16 2.03191e+16 4.76269e+16 1.55331e+13
 2.6e+08 3.52446e+16 1.13596e+17 1.44038e+17 2.31515e+16 2.58886e+16 1.60508e+16 2.1697e+16 5.20687e+16 1.70744e+13
 2.8e+08 3.63433e+16 1.22542e+17 1.61246e+17 2.45592e+16 2.87745e+16 1.69228e+16 2.34188e+16 5.67355e+16 1.90626e+13
 3e+08 3.61519e+16 1.28967e+17 1.75488e+17 2.67556e+16 3.18097e+16 2.18703e+16 2.68119e+16 6.15013e+16 2.12028e+13
 3.2e+08 3.4919e+16 1.36811e+17 1.88932e+17 2.88727e+16 3.38171e+16 2.5439e+16 2.93763e+16 6.5714e+16 2.30765e+13
 3.4e+08 3.38488e+16 1.4679e+17 2.03955e+17 3.42873e+16 3.42331e+16 2.93682e+16 3.26296e+16 7.0857e+16 2.44215e+13
 3.6e+08 3.3655e+16 1.57034e+17 2.15632e+17 3.7352e+16 3.56356e+16 3.42796e+16 3.57558e+16 7.56296e+16 2.53762e+13
 3.8e+08 3.25584e+16 1.63961e+17 2.24372e+17 4.20658e+16 3.81729e+16 3.84096e+16 3.95494e+16 7.98485e+16 2.6603e+13
 4e+08 3.11191e+16 1.70284e+17 2.38919e+17 4.64317e+16 4.03993e+16 4.24395e+16 4.30902e+16 8.45638e+16 2.81434e+13
 4e+08 6.16124e+15 2.94563e+17 3.21431e+17 2.54219e+16 6.3556e+16 3.64092e+16 4.17957e+16 1.08031e+17 2.07635e+13
 8e+08 3.24096e+15 7.84275e+17 6.86683e+17 7.63223e+16 1.20765e+17 4.9104e+16 8.20636e+16 2.45798e+17 1.20323e+13
