Ar
#NOTE: MSDs should be divided by the temperature.
#NOTE: MSDs have been divided by 2 or 10 (i.e., the viscosity computed from all components).
#Time	MSD_xx	MSD_yy	MSD_zz	MSD_xy	MSD_xz	MSD_yz	MSD_off	MSD_all	MSD_bulkvisc
 50000 9.31811e+11 9.44658e+11 9.11417e+11 9.65026e+11 9.00149e+11 8.97132e+11 9.20769e+11 9.2418e+11 1.42407e+09
 100000 3.58444e+12 3.6354e+12 3.5036e+12 3.71861e+12 3.46e+12 3.44788e+12 3.54216e+12 3.55509e+12 9.68175e+10
 150000 7.77704e+12 7.89093e+12 7.59838e+12 8.08448e+12 7.50548e+12 7.47869e+12 7.68955e+12 7.71591e+12 9.85037e+10
 200000 1.33477e+13 1.35479e+13 1.30347e+13 1.39052e+13 1.28807e+13 1.28344e+13 1.32068e+13 1.32481e+13 1.00193e+11
 250000 2.01515e+13 2.04592e+13 1.96685e+13 2.10388e+13 1.94478e+13 1.93783e+13 1.9955e+13 2.00102e+13 1.01898e+11
 300000 2.8057e+13 2.84929e+13 2.73718e+13 2.93581e+13 2.70828e+13 2.69915e+13 2.78108e+13 2.7876e+13 1.033e+11
 350000 3.69432e+13 3.75297e+13 3.60319e+13 3.87464e+13 3.56761e+13 3.55683e+13 3.66636e+13 3.67321e+13 1.0492e+11
 400000 4.67031e+13 4.74637e+13 4.55498e+13 4.90965e+13 4.51298e+13 4.50108e+13 4.64124e+13 4.64763e+13 1.06528e+11
 450000 5.72442e+13 5.82014e+13 5.58362e+13 6.03104e+13 5.53563e+13 5.52273e+13 5.69647e+13 5.70164e+13 1.08198e+11
 500000 6.84845e+13 6.96634e+13 6.68126e+13 7.22984e+13 6.62805e+13 6.61368e+13 6.82386e+13 6.82712e+13 1.09888e+11
 550000 8.03506e+13 8.17757e+13 7.8406e+13 8.49806e+13 7.78347e+13 7.76641e+13 8.01598e+13 8.01668e+13 1.11554e+11
 600000 9.27755e+13 9.44716e+13 9.05488e+13 9.82881e+13 8.9957e+13 8.97414e+13 9.26622e+13 9.26368e+13 1.13203e+11
 650000 1.05697e+14 1.0769e+14 1.03178e+14 1.12159e+14 1.02593e+14 1.02309e+14 1.05687e+14 1.05621e+14 1.14912e+11
 700000 1.19057e+14 1.21373e+14 1.16234e+14 1.26536e+14 1.15692e+14 1.15315e+14 1.19181e+14 1.19064e+14 1.16632e+11
 750000 1.32805e+14 1.3547e+14 1.29666e+14 1.41372e+14 1.29209e+14 1.28714e+14 1.33098e+14 1.32918e+14 1.18349e+11
 800000 1.46898e+14 1.49939e+14 1.43428e+14 1.56623e+14 1.43097e+14 1.4247e+14 1.47397e+14 1.4714e+14 1.2001e+11
 850000 1.61298e+14 1.64741e+14 1.57481e+14 1.72248e+14 1.57317e+14 1.56545e+14 1.62037e+14 1.61692e+14 1.21759e+11
 900000 1.75971e+14 1.79844e+14 1.71799e+14 1.88212e+14 1.71832e+14 1.70908e+14 1.76984e+14 1.76539e+14 1.23447e+11
 950000 1.90888e+14 1.95219e+14 1.8636e+14 2.04479e+14 1.86606e+14 1.85532e+14 1.92206e+14 1.91653e+14 1.25148e+11
 1e+06 2.06031e+14 2.10839e+14 2.01146e+14 2.21022e+14 2.01606e+14 2.0039e+14 2.07673e+14 2.07006e+14 1.26839e+11
 1e+06 2.08558e+14 2.1256e+14 2.01033e+14 2.18718e+14 2.02547e+14 1.97207e+14 2.06157e+14 2.06648e+14 3.24318e+10
 2e+06 5.42658e+14 5.54403e+14 5.23667e+14 5.78289e+14 5.2656e+14 5.19833e+14 5.4156e+14 5.41033e+14 6.25589e+10
 3e+06 9.12725e+14 9.06437e+14 8.70165e+14 9.52152e+14 8.54244e+14 8.52576e+14 8.86324e+14 8.90371e+14 9.28738e+10
 4e+06 1.28967e+15 1.25889e+15 1.22462e+15 1.33114e+15 1.18277e+15 1.19358e+15 1.23583e+15 1.24459e+15 1.20526e+11
 5e+06 1.65454e+15 1.61529e+15 1.55916e+15 1.71213e+15 1.53168e+15 1.53932e+15 1.59438e+15 1.60049e+15 1.4757e+11
 6e+06 2.00823e+15 1.97849e+15 1.89694e+15 2.08874e+15 1.90564e+15 1.88972e+15 1.96137e+15 1.96131e+15 1.71748e+11
 7e+06 2.35218e+15 2.34408e+15 2.25318e+15 2.4493e+15 2.29495e+15 2.22418e+15 2.32281e+15 2.32028e+15 1.92953e+11
 8e+06 2.6798e+15 2.6927e+15 2.60822e+15 2.80519e+15 2.70488e+15 2.54607e+15 2.68538e+15 2.67532e+15 2.15261e+11
 9e+06 3.0003e+15 3.02919e+15 2.96021e+15 3.16142e+15 3.15449e+15 2.83764e+15 3.05118e+15 3.02934e+15 2.40107e+11
 1e+07 3.30756e+15 3.35565e+15 3.27442e+15 3.52355e+15 3.61448e+15 3.08748e+15 3.4085e+15 3.37012e+15 2.66392e+11
 1.1e+07 3.61435e+15 3.68673e+15 3.56121e+15 3.87727e+15 4.04489e+15 3.30887e+15 3.74368e+15 3.69451e+15 2.90146e+11
 1.2e+07 3.92686e+15 4.05126e+15 3.83728e+15 4.2512e+15 4.45878e+15 3.52823e+15 4.0794e+15 4.02303e+15 3.168e+11
 1.3e+07 4.26363e+15 4.46031e+15 4.10842e+15 4.6528e+15 4.89163e+15 3.75055e+15 4.43166e+15 4.36998e+15 3.44615e+11
 1.4e+07 4.59655e+15 4.86451e+15 4.3793e+15 5.07394e+15 5.34466e+15 3.9997e+15 4.8061e+15 4.72904e+15 3.71183e+11
 1.5e+07 4.94471e+15 5.27157e+15 4.64736e+15 5.49158e+15 5.81281e+15 4.27999e+15 5.19479e+15 5.0987e+15 3.98736e+11
 1.6e+07 5.32271e+15 5.68175e+15 4.89956e+15 5.91667e+15 6.28319e+15 4.55835e+15 5.58607e+15 5.47218e+15 4.24715e+11
 1.7e+07 5.72412e+15 6.11454e+15 5.14086e+15 6.34657e+15 6.7498e+15 4.82529e+15 5.97389e+15 5.84827e+15 4.50304e+11
 1.8e+07 6.12702e+15 6.55153e+15 5.35754e+15 6.76743e+15 7.22875e+15 5.09947e+15 6.36522e+15 6.22394e+15 4.73823e+11
 1.9e+07 6.51574e+15 6.98031e+15 5.53746e+15 7.1803e+15 7.71991e+15 5.3764e+15 6.75887e+15 6.59312e+15 5.00032e+11
 2e+07 6.89161e+15 7.38172e+15 5.69624e+15 7.5768e+15 8.2121e+15 5.63167e+15 7.14019e+15 6.94672e+15 5.21914e+11
 2e+07 7.2311e+15 7.01618e+15 6.46053e+15 8.76277e+15 6.66026e+15 4.99983e+15 6.80762e+15 6.84561e+15 5.29778e+11
 4e+07 1.40259e+16 1.19112e+16 7.24797e+15 1.68136e+16 1.73463e+16 1.1008e+16 1.5056e+16 1.34583e+16 1.05237e+12
 6e+07 1.9284e+16 1.57226e+16 1.02788e+16 2.63894e+16 2.41401e+16 1.60091e+16 2.21795e+16 1.93458e+16 1.60987e+12
 8e+07 2.62787e+16 2.04422e+16 1.46052e+16 3.43055e+16 2.73634e+16 2.12144e+16 2.76277e+16 2.47535e+16 2.19717e+12
 1e+08 3.25823e+16 2.45644e+16 1.6814e+16 4.47756e+16 3.12518e+16 2.60775e+16 3.40349e+16 3.02824e+16 2.6476e+12
 1.2e+08 3.88778e+16 2.74676e+16 1.89632e+16 5.11716e+16 3.71215e+16 2.8038e+16 3.8777e+16 3.46407e+16 3.05678e+12
 1.4e+08 4.86009e+16 3.13103e+16 2.21966e+16 5.93589e+16 4.17404e+16 3.09594e+16 4.40196e+16 4.00261e+16 3.57778e+12
 1.6e+08 5.58677e+16 3.53879e+16 2.45431e+16 6.7787e+16 4.30486e+16 3.56112e+16 4.88156e+16 4.47292e+16 3.94982e+12
 1.8e+08 6.20285e+16 3.8827e+16 2.84923e+16 7.73288e+16 4.22238e+16 4.18015e+16 5.37847e+16 4.95172e+16 4.35357e+12
 2e+08 6.85525e+16 4.11042e+16 3.19036e+16 8.73498e+16 3.99132e+16 5.30181e+16 6.00937e+16 5.49309e+16 5.07746e+12
 2.2e+08 7.45928e+16 4.53498e+16 3.59932e+16 9.89257e+16 3.87156e+16 6.25974e+16 6.67463e+16 6.08392e+16 5.66194e+12
 2.4e+08 8.2312e+16 4.91828e+16 4.2022e+16 1.1079e+17 3.49242e+16 7.07288e+16 7.21476e+16 6.64241e+16 6.44734e+12
 2.6e+08 9.18759e+16 5.28138e+16 4.50811e+16 1.22797e+17 3.13809e+16 7.85838e+16 7.75873e+16 7.18552e+16 7.16766e+12
 2.8e+08 1.00374e+17 6.1495e+16 4.76756e+16 1.36381e+17 3.0788e+16 8.60893e+16 8.44195e+16 7.85909e+16 7.78434e+12
 3e+08 1.0773e+17 6.69794e+16 4.80368e+16 1.51838e+17 3.43335e+16 9.15715e+16 9.25811e+16 8.52481e+16 8.07038e+12
 3.2e+08 1.17267e+17 7.31792e+16 5.03858e+16 1.61835e+17 3.84559e+16 9.73799e+16 9.92236e+16 9.16451e+16 8.39305e+12
 3.4e+08 1.21767e+17 7.64799e+16 4.94071e+16 1.71607e+17 4.13898e+16 1.01994e+17 1.04997e+17 9.60186e+16 8.63323e+12
 3.6e+08 1.28335e+17 8.36143e+16 5.27995e+16 1.84395e+17 4.26459e+16 1.02449e+17 1.0983e+17 1.01198e+17 8.90206e+12
 3.8e+08 1.36357e+17 9.17518e+16 5.15705e+16 1.99449e+17 4.40511e+16 1.02545e+17 1.15348e+17 1.065e+17 9.26978e+12
 4e+08 1.40254e+17 1.01543e+17 5.44529e+16 2.0878e+17 4.3931e+16 1.00148e+17 1.1762e+17 1.10072e+17 9.37593e+12
 4e+08 1.30379e+17 7.71027e+16 4.37364e+16 2.10226e+17 1.0977e+17 3.35014e+16 1.17832e+17 1.04195e+17 5.62897e+12
 8e+08 9.01658e+16 2.30495e+17 3.23361e+16 7.82375e+17 4.07707e+15 1.17174e+16 2.66057e+17 2.067e+17 6.8137e+12
