# Time-averaged data for fix AveAll
# TimeStep v_TotEn v_PotEn c_T c_P v_Dens
100000 23889.4 -0.194666 4009.24 1.00291 0.000121843
200000 23869 -0.278414 4005.82 0.998937 0.000121439
300000 23621.3 0.0173705 3964.2 0.999491 0.000122795
400000 23813.6 -0.229469 3996.52 0.992963 0.000121038
500000 23950.8 -0.198673 4019.53 1.00158 0.000121359
600000 23719.5 -0.119982 3980.71 0.997428 0.000122025
700000 23814.6 0.936828 3996.49 0.984369 0.000119946
800000 23776.8 0.461187 3990.23 1.00373 0.000122477
900000 24326.6 -0.159279 4082.6 1.02612 0.000122423
1000000 23809.4 3.02338 3995.28 1.00421 0.000122346
1100000 23906.3 0.440683 4011.96 1.00995 0.000122605
1200000 23921.8 -0.0384429 4014.64 1.01085 0.000122628
1300000 24164.6 -0.0902898 4055.4 1.019 0.000122386
1400000 23778.2 -0.303904 3990.59 1.00656 0.000122834
1500000 23925.8 0.231062 4015.28 1.00481 0.000121848
1600000 23692.7 0.780155 3976.06 0.985773 0.000120754
1700000 23988 -0.132758 4025.77 1.00706 0.000121885
1800000 23841.2 -0.034344 4001.12 0.992712 0.000120861
1900000 24041.3 -0.140527 4034.73 1.00508 0.000121336
2000000 24185.3 0.266166 4058.83 1.01833 0.000122178
2100000 23856.8 -0.16143 4003.75 1.00941 0.000122799
2200000 23847.5 -0.20684 4002.21 1.00184 0.000121918
2300000 23829.6 1.11838 3998.98 1.00155 0.000121947
2400000 23878.5 -0.140913 4007.39 1.01224 0.00012305
2500000 23846.9 -0.0402029 4002.08 1.00256 0.000122002
2600000 23717.6 2.29193 3979.99 0.995322 0.000121758
2700000 24073.3 -0.0256504 4040.07 1.01734 0.000122652
2800000 23614.1 -0.119875 3963.02 0.990616 0.000121763
2900000 23971.1 -0.226718 4022.96 1.00642 0.00012189
3000000 23514.7 -0.0601794 3946.34 0.983977 0.000121426
3100000 23921 -0.135369 4014.53 1.00573 0.000122034
3200000 23943.1 -0.0017884 4018.21 1.00547 0.000121862
3300000 23709.2 0.120353 3978.94 0.99273 0.000121488
3400000 23619.6 -0.183522 3963.95 0.994207 0.000122169
3500000 23866.6 -0.038626 4005.39 1.00113 0.000121758
3600000 23979.1 3.17086 4023.72 0.994171 0.000120284
3700000 24470.9 -0.0879231 4106.8 1.03963 0.000123299
3800000 23980.7 -0.121618 4024.54 1.00041 0.000121039
3900000 24136.2 0.125291 4050.6 1.01191 0.000121667
4000000 23668 -0.138087 3972.07 0.992116 0.000121723
4100000 23610.5 -0.0689926 3962.41 0.991341 0.000121875
4200000 23727 -0.0570314 3981.95 1.00757 0.00012321
4300000 23670.6 1.17286 3972.28 0.997728 0.00012229
4400000 24129.1 -0.0627138 4049.43 1.01502 0.000122089
4500000 23997.8 -0.0804142 4027.4 1.00035 0.000120934
4600000 23928.1 -0.0492851 4015.71 0.994068 0.000120599
4700000 23858.7 0.974915 4003.89 0.99944 0.000121578
4800000 24022.6 0.60344 4031.45 1.01757 0.000122932
4900000 23751 -0.195298 3986.01 0.991698 0.000121183
5000000 24086 -0.122479 4042.22 1.00568 0.000121178
5100000 23898.8 5.02071 4009.94 1.00715 0.000122219
5200000 23743.7 0.0980643 3984.74 0.984181 0.000120248
5300000 23766.2 -0.109919 3988.55 1.00402 0.000122619
5400000 23768.1 -0.141803 3988.86 0.986407 0.000120434
5500000 23872.8 -0.0275246 4006.42 0.999288 0.000121516
5600000 23791.2 0.00776798 3992.72 0.996842 0.000121606
5700000 23765.6 0.0574358 3988.41 1.01274 0.000123677
5800000 23674.5 -0.250428 3973.18 0.978068 0.000119905
5900000 23719.3 -0.0494901 3980.66 0.984914 0.000120495
6000000 23440.1 0.57096 3933.7 0.973326 0.00012047
6100000 23699.6 -0.126225 3977.38 0.993045 0.000121561
6200000 23866.3 0.660603 4005.22 1.00892 0.000122618
6300000 23667.1 -0.0675851 3971.92 0.990557 0.000121524
6400000 23906.1 -0.197631 4012.03 1.00982 0.000122573
6500000 23785.6 -0.290965 3991.84 0.997109 0.000121683
6600000 23927.4 -0.135206 4015.6 1.00101 0.000121395
6700000 23902.5 -0.227419 4011.45 1.0053 0.000122062
6800000 23893.8 -0.138376 4009.97 1.00422 0.000122012
6900000 23902 -0.0139396 4011.32 1.03074 0.000125153
7000000 23981 -0.260871 4024.61 1.00268 0.000121347
7100000 24027.7 -0.143777 4032.44 1.0143 0.000122511
7200000 24057.2 -0.0955719 4037.38 1.01642 0.000122606
7300000 23802.2 -0.0870891 3994.58 0.994761 0.00012133
7400000 23757.8 -0.236966 3987.15 0.993986 0.000121424
7500000 23654.8 0.0124556 3969.83 0.999522 0.000122669
7600000 23859.7 -0.170283 4004.25 1.00756 0.000122537
7700000 23656.2 -0.112771 3970.08 0.997105 0.000122314
7800000 24292.5 -0.115457 4076.87 1.01752 0.000121553
7900000 23915.5 -0.153666 4013.62 1.01089 0.000122718
8000000 23585.5 -0.108134 3958.22 0.987571 0.000121515
8100000 23914.5 -0.100352 4013.44 1.00104 0.000121483
8200000 24160.9 1.12509 4054.57 1.00182 0.0001203
8300000 23761.3 -0.12669 3987.73 0.988452 0.000120739
8400000 24172.4 -0.137009 4056.73 1.00488 0.000120671
8500000 23743.2 -0.159952 3984.69 0.991379 0.000121206
8600000 23775.8 -0.210699 3990.18 1.01408 0.000123827
8700000 23962.1 -0.215865 4021.44 1.02186 0.000123846
8800000 24054.9 -0.0535355 4037 1.01747 0.000122747
8900000 23791.6 -0.185607 3992.82 1.00894 0.000123112
9000000 23404.5 0.817696 3927.69 0.966614 0.000119833
9100000 23648.1 -0.150955 3968.74 0.989015 0.000121367
9200000 24215.4 -0.056746 4063.93 1.00499 0.000120445
9300000 23833 2.91026 3999.25 1.00517 0.000122355
9400000 23889 -0.176881 4009.17 0.9964 0.000121034
9500000 24023.9 -0.160967 4031.8 1.01078 0.000122105
9600000 23599 -0.162723 3960.5 0.996376 0.000122541
9700000 23878.9 -0.305005 4007.49 0.99947 0.000121457
9800000 24012.4 -0.186124 4029.89 1.01333 0.00012246
9900000 23442.4 2.67027 3933.74 0.982565 0.000121612
10000000 23983.2 -0.15208 4024.98 0.989401 0.000119779
