# Time-averaged data for fix AveAll
# TimeStep v_TotEn v_PotEn c_T c_P v_Dens
100000 24191.8 -0.201495 4059.99 1.0113 0.000121336
200000 24163 1.50879 4054.87 1.02371 0.000122912
300000 24148.1 3.58359 4052.02 1.02472 0.000123065
400000 23869.2 0.859387 4005.66 0.991171 0.000120462
500000 23798.1 -0.0793913 3993.89 0.988339 0.000120514
600000 23940.5 -0.160101 4017.8 0.989233 0.000119918
700000 23726.5 0.11099 3981.85 0.997312 0.000122029
800000 24023.7 -0.126554 4031.77 1.03618 0.000125169
900000 23912.7 -0.108131 4013.13 1.00893 0.00012243
1000000 23972.5 -0.146805 4023.18 1.00093 0.000121183
1100000 23651.5 0.561872 3969.18 0.99729 0.000122361
1200000 23624.4 -0.0438367 3964.74 0.982672 0.000120725
1300000 23834.5 -0.0855111 4000 0.993409 0.000120963
1400000 23647.5 0.122468 3968.58 0.986126 0.00012102
1500000 23831.4 -0.177681 3999.5 1.01062 0.000123079
1600000 24093.2 -0.167194 4043.43 1.01572 0.000122389
1700000 23938.9 -0.179637 4017.55 1.02152 0.000123828
1800000 23671.6 0.0270703 3972.65 0.992836 0.000121675
1900000 23444.6 -0.251072 3934.6 0.971449 0.000120231
2000000 23855.9 -0.126133 4003.61 0.988774 0.000120302
2100000 24032.2 -0.0306309 4033.17 1.01306 0.000122307
2200000 23851.1 1.58718 4002.51 1.00075 0.000121744
2300000 24208.9 0.190029 4062.79 1.0382 0.000124453
2400000 23852.1 -0.0321141 4002.95 0.981252 0.000119393
2500000 23872.3 -0.106302 4006.36 0.988949 0.000120196
2600000 23835 -0.112078 4000.09 1.00167 0.000121959
2700000 24002.1 -0.081011 4028.13 1.00768 0.000121856
2800000 23832.1 -0.172767 3999.62 1.00891 0.000122877
2900000 23686.5 0.249166 3975.1 0.99917 0.00012241
3000000 23816.4 -0.0106893 3996.95 1.00267 0.000122178
3100000 23877.1 -0.0580898 4007.15 0.99076 0.000120438
3200000 23518.8 -0.120472 3947.02 0.973215 0.000120094
3300000 23960.1 -0.113153 4021.09 1.01859 0.000123385
3400000 24048.4 -0.136477 4035.91 1.0108 0.000121986
3500000 23577.5 1.02253 3956.69 0.998594 0.000122885
3600000 24182 -0.181492 4058.35 1.02214 0.000122732
3700000 23730 -0.129685 3982.47 0.9993 0.00012221
3800000 23807.3 -0.144809 3995.45 0.999797 0.000121869
3900000 23536.9 0.538427 3949.96 0.980069 0.000120822
4000000 23651.3 -0.053205 3969.26 0.995466 0.000122204
4100000 23970.2 -0.0749602 4022.78 0.999376 0.00012103
4200000 24152.7 0.723277 4053.27 1.01675 0.000122146
4300000 24123.3 -0.209059 4048.5 1.02319 0.000123159
4400000 23805.1 -0.0784506 3995.06 1.0039 0.000122403
4500000 24147.3 -0.0835135 4052.49 1.01767 0.000122299
4600000 23779.3 -0.11051 3990.74 0.991787 0.000121066
4700000 23917.2 -0.169755 4013.9 0.982188 0.000119167
4800000 24137.4 -0.0415784 4050.82 1.00402 0.000120739
4900000 23516.2 -0.0977616 3946.58 0.973602 0.000120186
5000000 23681.7 -0.112948 3974.37 0.997739 0.000122285
5100000 23291.1 -0.232306 3908.84 0.990727 0.000123458
5200000 23929.1 0.00566415 4015.87 1.00382 0.000121779
5300000 23970.7 -0.23066 4022.88 0.992319 0.000120137
5400000 23878.1 -0.161784 4007.33 0.999234 0.000121465
5500000 23927.1 -0.128646 4015.56 0.999582 0.000121252
5600000 23906.8 1.81408 4011.82 1.00844 0.00012239
5700000 23777.5 0.615041 3990.32 1.00615 0.000122774
5800000 23808.8 -0.131419 3995.7 1.00748 0.000122823
5900000 23809.5 -0.0382985 3995.8 0.995857 0.000121392
6000000 23613 -0.0305987 3962.82 0.987867 0.000121421
6100000 24038.9 -0.135479 4034.32 1.01331 0.000122363
6200000 24019.6 -0.04671 4031.06 1.01199 0.000122279
6300000 23576.8 -0.0600273 3956.75 0.982846 0.000120987
6400000 24319.9 -0.13717 4081.47 1.02727 0.000122586
6500000 23804.2 0.106058 3994.89 0.989237 0.000120579
6600000 24324.1 -0.143272 4082.18 1.02513 0.000122284
6700000 24030.6 -0.0871725 4032.91 0.999088 0.000120687
6800000 23715.3 -0.136978 3980.01 0.993792 0.000121612
6900000 23401.9 -0.0186274 3927.39 0.988614 0.000122602
7000000 23603.5 0.0289685 3961.22 0.980172 0.000120521
7100000 24090.3 0.626769 4042.81 1.00582 0.000121198
7200000 23888.7 0.696924 4008.96 0.988725 0.000120109
7300000 23909 0.377951 4012.43 1.00997 0.000122545
7400000 23777.1 0.696068 3990.23 0.984015 0.000120091
7500000 23904.5 0.131427 4011.72 0.998137 0.000121188
7600000 23591.1 0.101501 3959.12 0.992276 0.000122049
7700000 23983.1 0.872245 4024.79 0.990227 0.000119798
7800000 23850.7 -0.19758 4002.74 1.00027 0.000121715
7900000 23685.1 -0.121028 3974.94 0.998341 0.000122327
8000000 23849 -0.120254 4002.44 1.00787 0.000122662
8100000 23673.2 0.0332898 3972.92 0.990544 0.000121447
8200000 23964.7 -0.137182 4021.86 1.02255 0.000123845
8300000 23802.2 1.13792 3994.37 0.987398 0.000120368
8400000 23776.8 -0.124093 3990.33 1.00337 0.000122489
8500000 23607.4 -0.0497694 3961.88 1.00753 0.00012389
8600000 23557 -0.283832 3953.47 0.991869 0.000122169
8700000 23820.9 0.0760651 3997.69 0.992102 0.000120882
8800000 24040.8 -0.109206 4034.64 1.00823 0.000121741
8900000 23905 -0.116275 4011.84 0.997211 0.000121076
9000000 23714.8 -0.140126 3979.92 0.987687 0.000120862
9100000 23886.8 -0.159531 4008.8 1.00481 0.000122077
9200000 23588.8 0.0215775 3958.75 1.0095 0.000124211
9300000 23847.9 -0.16812 4002.26 0.998785 0.000121542
9400000 23610.9 -0.0864802 3962.49 0.975382 0.000119911
9500000 24015.2 -0.0580933 4030.32 1.00383 0.000121274
9600000 23599.9 -0.151026 3960.64 0.993128 0.000122133
9700000 24006.6 0.130332 4028.86 1.00647 0.000121657
9800000 23931.4 -0.385709 4016.31 0.998113 0.000121025
9900000 23846.6 -0.148147 4002.04 1.01288 0.000123287
10000000 24164.1 -0.13348 4055.32 1.00864 0.000121131
