Ar
#NOTE: MSDs should be divided by the temperature.
#NOTE: MSDs have been divided by 2 or 10 (i.e., the viscosity computed from all components).
#Time	MSD_xx	MSD_yy	MSD_zz	MSD_xy	MSD_xz	MSD_yz	MSD_off	MSD_all	MSD_bulkvisc
 50000 5.34269e+12 4.91402e+12 5.19285e+12 4.9209e+12 4.5051e+12 5.06949e+12 4.83183e+12 4.95904e+12 3.85245e+08
 100000 2.11242e+13 1.94038e+13 2.05213e+13 1.94387e+13 1.77746e+13 2.00271e+13 1.90801e+13 1.9588e+13 2.50606e+11
 150000 4.70134e+13 4.31299e+13 4.56469e+13 4.32258e+13 3.94815e+13 4.45378e+13 4.2415e+13 4.35544e+13 2.51079e+11
 200000 8.26921e+13 7.5763e+13 8.02411e+13 7.5964e+13 6.93156e+13 7.82788e+13 7.45195e+13 7.65379e+13 2.51548e+11
 250000 1.27854e+14 1.16984e+14 1.2399e+14 1.17345e+14 1.06974e+14 1.20936e+14 1.15085e+14 1.18228e+14 2.52015e+11
 300000 1.82207e+14 1.66483e+14 1.76592e+14 1.67074e+14 1.52163e+14 1.72202e+14 1.63813e+14 1.68325e+14 2.52476e+11
 350000 2.45468e+14 2.23968e+14 2.37757e+14 2.24861e+14 2.04594e+14 2.31787e+14 2.20414e+14 2.26541e+14 2.52856e+11
 400000 3.17361e+14 2.89158e+14 3.07205e+14 2.90425e+14 2.63984e+14 2.99408e+14 2.84606e+14 2.92593e+14 2.53322e+11
 450000 3.97621e+14 3.61785e+14 3.84671e+14 3.63493e+14 3.30055e+14 3.74795e+14 3.56114e+14 3.66212e+14 2.53774e+11
 500000 4.85989e+14 4.41592e+14 4.69896e+14 4.43803e+14 4.02539e+14 4.57683e+14 4.34675e+14 4.47135e+14 2.54226e+11
 550000 5.82216e+14 5.28334e+14 5.62631e+14 5.31106e+14 4.81177e+14 5.47814e+14 5.20033e+14 5.3511e+14 2.54677e+11
 600000 6.86058e+14 6.21765e+14 6.62635e+14 6.25168e+14 5.65718e+14 6.44938e+14 6.11942e+14 6.29893e+14 2.55147e+11
 650000 7.97274e+14 7.21648e+14 7.69678e+14 7.25761e+14 6.55918e+14 7.48814e+14 7.10164e+14 7.31245e+14 2.55618e+11
 700000 9.15626e+14 8.27752e+14 8.83535e+14 8.32668e+14 7.51546e+14 8.59208e+14 8.14474e+14 8.3894e+14 2.56093e+11
 750000 1.04088e+15 9.39848e+14 1.00399e+15 9.45676e+14 8.52381e+14 9.75898e+14 9.24652e+14 9.52754e+14 2.56567e+11
 800000 1.17281e+15 1.05771e+15 1.13082e+15 1.06458e+15 9.58207e+14 1.09867e+15 1.04048e+15 1.07247e+15 2.57029e+11
 850000 1.31119e+15 1.18114e+15 1.26383e+15 1.18917e+15 1.06882e+15 1.22732e+15 1.16177e+15 1.19788e+15 2.5749e+11
 900000 1.45581e+15 1.30992e+15 1.4028e+15 1.31927e+15 1.18401e+15 1.36165e+15 1.28831e+15 1.32879e+15 2.57519e+11
 950000 1.60644e+15 1.44384e+15 1.54754e+15 1.4547e+15 1.30358e+15 1.50149e+15 1.41992e+15 1.465e+15 2.5798e+11
 1e+06 1.76288e+15 1.58271e+15 1.69785e+15 1.59527e+15 1.42736e+15 1.64664e+15 1.55642e+15 1.60631e+15 2.58444e+11
 1e+06 1.75828e+15 1.58211e+15 1.69789e+15 1.60138e+15 1.4239e+15 1.65394e+15 1.55974e+15 1.60761e+15 8.18005e+09
 2e+06 5.85723e+15 5.1498e+15 5.62305e+15 5.2791e+15 4.56354e+15 5.43799e+15 5.09354e+15 5.27347e+15 1.66236e+10
 3e+06 1.11481e+16 9.62769e+15 1.06397e+16 1.00709e+16 8.46196e+15 1.03851e+16 9.6393e+15 9.97232e+15 2.5438e+10
 4e+06 1.71021e+16 1.44687e+16 1.62104e+16 1.54605e+16 1.27073e+16 1.59531e+16 1.4707e+16 1.5195e+16 3.46625e+10
 5e+06 2.35056e+16 1.94745e+16 2.21584e+16 2.12328e+16 1.71603e+16 2.18254e+16 2.00728e+16 2.07288e+16 4.39577e+10
 6e+06 3.02061e+16 2.45914e+16 2.83611e+16 2.73382e+16 2.17143e+16 2.7704e+16 2.55855e+16 2.64391e+16 5.28598e+10
 7e+06 3.70309e+16 2.9866e+16 3.46928e+16 3.37217e+16 2.62676e+16 3.34555e+16 3.11483e+16 3.22342e+16 6.19402e+10
 8e+06 4.38905e+16 3.53499e+16 4.10908e+16 4.03161e+16 3.07202e+16 3.91133e+16 3.67165e+16 3.80741e+16 7.12491e+10
 9e+06 5.08158e+16 4.11196e+16 4.75095e+16 4.70664e+16 3.50304e+16 4.47271e+16 4.22746e+16 4.39574e+16 8.13817e+10
 1e+07 5.78052e+16 4.72367e+16 5.38695e+16 5.39092e+16 3.9266e+16 5.02454e+16 4.78069e+16 4.98723e+16 9.17057e+10
 1.1e+07 6.48847e+16 5.37124e+16 6.01057e+16 6.07475e+16 4.35036e+16 5.57022e+16 5.33178e+16 5.58177e+16 1.01739e+11
 1.2e+07 7.21287e+16 6.04227e+16 6.62118e+16 6.7469e+16 4.77203e+16 6.10962e+16 5.87619e+16 6.17589e+16 1.12495e+11
 1.3e+07 7.96258e+16 6.72996e+16 7.21941e+16 7.39965e+16 5.18758e+16 6.63737e+16 6.4082e+16 6.76651e+16 1.23025e+11
 1.4e+07 8.74018e+16 7.43603e+16 7.81527e+16 8.02914e+16 5.59804e+16 7.14747e+16 6.92488e+16 7.35379e+16 1.34084e+11
 1.5e+07 9.5366e+16 8.16071e+16 8.41868e+16 8.63296e+16 6.00159e+16 7.63959e+16 7.42471e+16 7.93696e+16 1.45284e+11
 1.6e+07 1.03428e+17 8.90665e+16 9.02724e+16 9.21391e+16 6.39711e+16 8.11858e+16 7.90987e+16 8.51614e+16 1.56646e+11
 1.7e+07 1.11496e+17 9.67451e+16 9.6457e+16 9.7816e+16 6.78233e+16 8.58678e+16 8.38357e+16 9.09279e+16 1.68012e+11
 1.8e+07 1.19505e+17 1.04618e+17 1.0271e+17 1.03437e+17 7.15521e+16 9.04759e+16 8.84884e+16 9.66708e+16 1.7924e+11
 1.9e+07 1.27478e+17 1.12605e+17 1.08977e+17 1.08941e+17 7.51522e+16 9.51514e+16 9.30816e+16 1.0239e+17 1.9043e+11
 2e+07 1.35425e+17 1.20624e+17 1.15252e+17 1.1424e+17 7.86257e+16 9.99127e+16 9.7593e+16 1.08063e+17 2.01378e+11
 2e+07 1.36873e+17 1.24807e+17 9.81017e+16 1.18409e+17 7.16152e+16 9.67739e+16 9.55994e+16 1.05331e+17 1.77134e+11
 4e+07 3.23931e+17 2.94295e+17 2.2272e+17 1.94047e+17 1.31688e+17 2.10309e+17 1.78681e+17 2.19335e+17 4.38899e+11
 6e+07 5.27817e+17 4.41763e+17 3.59488e+17 2.83688e+17 2.09098e+17 3.03396e+17 2.65394e+17 3.36445e+17 7.09654e+11
 8e+07 7.32999e+17 5.8769e+17 5.21759e+17 3.67872e+17 2.78228e+17 3.75685e+17 3.40595e+17 4.50017e+17 9.82202e+11
 1e+08 9.06984e+17 6.68667e+17 6.9878e+17 4.54866e+17 3.41391e+17 4.64613e+17 4.2029e+17 5.55432e+17 1.26091e+12
 1.2e+08 1.0877e+18 6.96507e+17 8.99634e+17 5.54329e+17 4.20776e+17 5.54251e+17 5.09785e+17 6.63716e+17 1.54289e+12
 1.4e+08 1.29944e+18 6.93256e+17 1.09867e+18 6.66417e+17 4.99978e+17 6.62816e+17 6.09737e+17 7.78025e+17 1.79016e+12
 1.6e+08 1.51913e+18 6.67826e+17 1.31968e+18 8.02079e+17 5.93718e+17 7.72041e+17 7.22613e+17 9.01119e+17 2.0707e+12
 1.8e+08 1.73472e+18 6.6354e+17 1.54328e+18 9.52565e+17 7.05684e+17 9.04225e+17 8.54158e+17 1.03803e+18 2.32793e+12
 2e+08 1.98565e+18 6.88247e+17 1.77316e+18 1.13954e+18 8.23499e+17 1.00833e+18 9.90457e+17 1.18721e+18 2.57412e+12
 2.2e+08 2.22701e+18 7.41347e+17 1.98799e+18 1.37465e+18 9.56703e+17 1.10114e+18 1.14416e+18 1.34735e+18 2.77805e+12
 2.4e+08 2.49139e+18 7.93201e+17 2.25611e+18 1.59322e+18 1.08782e+18 1.1967e+18 1.29258e+18 1.51431e+18 2.90581e+12
 2.6e+08 2.82861e+18 8.44558e+17 2.53682e+18 1.81187e+18 1.22128e+18 1.26275e+18 1.43196e+18 1.68718e+18 2.9879e+12
 2.8e+08 3.17377e+18 9.33043e+17 2.79101e+18 2.05142e+18 1.37641e+18 1.35287e+18 1.59357e+18 1.87585e+18 3.05847e+12
 3e+08 3.55008e+18 1.00394e+18 3.06584e+18 2.31802e+18 1.53317e+18 1.48992e+18 1.78037e+18 2.0842e+18 3.11351e+12
 3.2e+08 3.93418e+18 1.04514e+18 3.33075e+18 2.57799e+18 1.66634e+18 1.63468e+18 1.95967e+18 2.28381e+18 3.19128e+12
 3.4e+08 4.31769e+18 1.05606e+18 3.58677e+18 2.82645e+18 1.7919e+18 1.80101e+18 2.13979e+18 2.47861e+18 3.30259e+12
 3.6e+08 4.78763e+18 1.05515e+18 3.84098e+18 3.08195e+18 1.89857e+18 1.94109e+18 2.3072e+18 2.67549e+18 3.37517e+12
 3.8e+08 5.30359e+18 1.06172e+18 4.10782e+18 3.30547e+18 2.03247e+18 2.05822e+18 2.46539e+18 2.87565e+18 3.46382e+12
 4e+08 5.83402e+18 1.07053e+18 4.42199e+18 3.57534e+18 2.13514e+18 2.1037e+18 2.60473e+18 3.07304e+18 3.55292e+12
 4e+08 6.69266e+18 9.93513e+17 4.8839e+18 1.82765e+18 2.5197e+18 3.17656e+18 2.50797e+18 3.18079e+18 3.20856e+12
 8e+08 2.09292e+19 3.07127e+18 1.52106e+19 3.40258e+18 4.02662e+18 6.67406e+18 4.70109e+18 8.0488e+18 6.64858e+12
 1.2e+09 3.93581e+19 7.14626e+18 1.92986e+19 1.0703e+18 7.27589e+18 9.18775e+18 5.84465e+18 1.22805e+19 6.5943e+12
 1.6e+09 4.27521e+19 1.12182e+19 1.126e+19 2.03026e+17 9.37785e+18 7.9187e+18 5.83319e+18 1.21973e+19 2.65451e+12
 2e+09 5.25478e+19 1.70956e+19 9.69884e+18 1.75693e+18 2.5385e+18 1.08943e+19 5.06324e+18 1.36169e+19 3.80972e+11
