Ar
#NOTE: MSDs should be divided by the temperature.
#NOTE: MSDs have been divided by 2 or 10 (i.e., the viscosity computed from all components).
#Time	MSD_xx	MSD_yy	MSD_zz	MSD_xy	MSD_xz	MSD_yz	MSD_off	MSD_all	MSD_bulkvisc
 50000 1.40862e+13 1.5446e+13 1.31068e+13 1.41233e+13 1.48703e+13 1.51944e+13 1.47293e+13 1.45228e+13 1.05571e+09
 100000 5.51832e+13 6.06415e+13 5.1286e+13 5.52711e+13 5.82614e+13 5.95528e+13 5.76951e+13 5.68985e+13 1.51986e+11
 150000 1.2186e+14 1.34193e+14 1.13166e+14 1.21943e+14 1.28678e+14 1.31589e+14 1.27403e+14 1.25671e+14 1.53047e+11
 200000 2.12844e+14 2.34866e+14 1.97552e+14 2.12844e+14 2.24833e+14 2.30034e+14 2.2257e+14 2.19577e+14 1.5434e+11
 250000 3.27005e+14 3.61545e+14 3.03392e+14 3.2685e+14 3.45637e+14 3.53754e+14 3.4208e+14 3.37507e+14 1.55613e+11
 300000 4.63345e+14 5.13235e+14 4.29761e+14 4.62977e+14 4.90118e+14 5.01746e+14 4.84947e+14 4.78481e+14 1.56749e+11
 350000 6.20974e+14 6.89046e+14 5.75828e+14 6.20346e+14 6.57388e+14 6.73144e+14 6.50292e+14 6.41622e+14 1.58063e+11
 400000 7.99105e+14 8.8818e+14 7.40824e+14 7.98167e+14 8.46663e+14 8.67188e+14 8.37339e+14 8.26151e+14 1.59293e+11
 450000 9.97037e+14 1.10989e+15 9.24032e+14 9.95704e+14 1.05725e+15 1.08319e+15 1.04538e+15 1.03136e+15 1.60464e+11
 500000 1.21409e+15 1.35347e+15 1.12478e+15 1.21227e+15 1.28848e+15 1.32055e+15 1.27377e+15 1.25657e+15 1.61468e+11
 550000 1.44963e+15 1.6183e+15 1.34246e+15 1.44726e+15 1.53977e+15 1.57872e+15 1.52192e+15 1.5012e+15 1.62787e+11
 600000 1.70307e+15 1.9038e+15 1.57655e+15 1.70011e+15 1.81054e+15 1.85726e+15 1.7893e+15 1.7647e+15 1.63932e+11
 650000 1.97385e+15 2.20946e+15 1.82656e+15 1.97031e+15 2.10027e+15 2.15575e+15 2.07544e+15 2.04658e+15 1.65019e+11
 700000 2.26152e+15 2.53483e+15 2.09204e+15 2.25741e+15 2.40848e+15 2.47379e+15 2.37989e+15 2.34639e+15 1.66216e+11
 750000 2.56563e+15 2.87948e+15 2.37259e+15 2.56096e+15 2.73475e+15 2.81101e+15 2.70224e+15 2.6637e+15 1.67369e+11
 800000 2.88579e+15 3.243e+15 2.66784e+15 2.88055e+15 3.07869e+15 3.16702e+15 3.04209e+15 2.99814e+15 1.69027e+11
 850000 3.22159e+15 3.625e+15 2.97748e+15 3.21577e+15 3.43995e+15 3.5415e+15 3.39907e+15 3.34932e+15 1.70422e+11
 900000 3.57266e+15 4.02512e+15 3.30118e+15 3.56629e+15 3.81815e+15 3.93405e+15 3.77283e+15 3.71689e+15 1.71578e+11
 950000 3.93862e+15 4.44303e+15 3.63865e+15 3.93175e+15 4.21294e+15 4.34431e+15 4.163e+15 4.10051e+15 1.72905e+11
 1e+06 4.31913e+15 4.87843e+15 3.9896e+15 4.31189e+15 4.62398e+15 4.77192e+15 4.56926e+15 4.49984e+15 1.74348e+11
 1e+06 4.31896e+15 4.9014e+15 3.99459e+15 4.33718e+15 4.6459e+15 4.78784e+15 4.59031e+15 4.51618e+15 2.54344e+10
 2e+06 1.45609e+16 1.68948e+16 1.34882e+16 1.47593e+16 1.58674e+16 1.65359e+16 1.57209e+16 1.5425e+16 5.3128e+10
 3e+06 2.87774e+16 3.38535e+16 2.6683e+16 2.96666e+16 3.18417e+16 3.33393e+16 3.16159e+16 3.0878e+16 8.33385e+10
 4e+06 4.58282e+16 5.46745e+16 4.28054e+16 4.78637e+16 5.16533e+16 5.3799e+16 5.11053e+16 4.9771e+16 1.14952e+11
 5e+06 6.48972e+16 7.86453e+16 6.12131e+16 6.86162e+16 7.44346e+16 7.71638e+16 7.34049e+16 7.13437e+16 1.49287e+11
 6e+06 8.53466e+16 1.05213e+17 8.14218e+16 9.14109e+16 9.95053e+16 1.02717e+17 9.78777e+16 9.49908e+16 1.86126e+11
 7e+06 1.06544e+17 1.33493e+17 1.02835e+17 1.15852e+17 1.26335e+17 1.29977e+17 1.24055e+17 1.20149e+17 2.27053e+11
 8e+06 1.28294e+17 1.62903e+17 1.25486e+17 1.41622e+17 1.54197e+17 1.58665e+17 1.51495e+17 1.46454e+17 2.69227e+11
 9e+06 1.50509e+17 1.93251e+17 1.49317e+17 1.68318e+17 1.8258e+17 1.88451e+17 1.79783e+17 1.73613e+17 3.138e+11
 1e+07 1.73165e+17 2.24325e+17 1.74131e+17 1.95907e+17 2.11118e+17 2.19136e+17 2.08721e+17 2.01448e+17 3.59594e+11
 1.1e+07 1.96193e+17 2.5549e+17 1.99683e+17 2.24272e+17 2.39526e+17 2.50556e+17 2.38118e+17 2.2972e+17 4.07649e+11
 1.2e+07 2.19558e+17 2.8652e+17 2.25927e+17 2.53351e+17 2.67684e+17 2.82652e+17 2.67896e+17 2.58338e+17 4.54294e+11
 1.3e+07 2.43463e+17 3.17438e+17 2.53073e+17 2.82861e+17 2.95566e+17 3.15215e+17 2.97881e+17 2.87258e+17 4.99434e+11
 1.4e+07 2.67755e+17 3.48503e+17 2.8096e+17 3.12739e+17 3.23103e+17 3.48062e+17 3.27968e+17 3.1641e+17 5.43429e+11
 1.5e+07 2.92588e+17 3.79994e+17 3.09558e+17 3.42834e+17 3.50169e+17 3.81103e+17 3.58036e+17 3.45773e+17 5.88702e+11
 1.6e+07 3.17897e+17 4.11878e+17 3.3885e+17 3.72988e+17 3.76399e+17 4.14522e+17 3.8797e+17 3.75265e+17 6.36333e+11
 1.7e+07 3.43854e+17 4.4427e+17 3.68655e+17 4.03443e+17 4.01727e+17 4.4844e+17 4.1787e+17 4.04959e+17 6.82358e+11
 1.8e+07 3.70491e+17 4.77094e+17 3.98889e+17 4.34324e+17 4.26069e+17 4.83214e+17 4.47869e+17 4.34918e+17 7.31086e+11
 1.9e+07 3.97853e+17 5.10455e+17 4.29573e+17 4.65934e+17 4.49455e+17 5.19008e+17 4.78132e+17 4.65264e+17 7.77534e+11
 2e+07 4.26225e+17 5.44307e+17 4.60617e+17 4.98461e+17 4.71956e+17 5.55912e+17 5.08776e+17 4.96086e+17 8.23483e+11
 2e+07 3.46168e+17 5.45166e+17 4.28869e+17 4.73709e+17 4.66626e+17 5.73713e+17 5.04683e+17 4.78837e+17 7.4272e+11
 4e+07 9.40203e+17 1.2366e+18 1.11682e+18 1.20983e+18 7.78412e+17 1.42965e+18 1.1393e+18 1.12273e+18 1.70157e+12
 6e+07 1.48853e+18 1.81655e+18 1.50665e+18 1.8754e+18 9.51681e+17 2.16606e+18 1.66438e+18 1.64019e+18 2.91302e+12
 8e+07 2.09474e+18 2.61795e+18 1.56434e+18 2.58233e+18 1.14088e+18 2.81777e+18 2.18033e+18 2.14513e+18 4.01955e+12
 1e+08 2.66419e+18 3.51854e+18 1.51334e+18 3.35777e+18 1.21043e+18 3.1931e+18 2.5871e+18 2.5784e+18 5.10286e+12
 1.2e+08 3.21621e+18 4.61919e+18 1.61188e+18 4.31464e+18 1.3662e+18 3.35851e+18 3.01312e+18 3.06751e+18 6.13602e+12
 1.4e+08 3.95561e+18 5.99585e+18 1.82038e+18 5.49829e+18 1.51513e+18 3.54658e+18 3.52e+18 3.68158e+18 7.29827e+12
 1.6e+08 4.91959e+18 7.30136e+18 2.02751e+18 6.72253e+18 1.68572e+18 4.02211e+18 4.14345e+18 4.38587e+18 8.89068e+12
 1.8e+08 6.08039e+18 8.40084e+18 2.11311e+18 8.14899e+18 1.646e+18 4.87563e+18 4.89021e+18 5.1467e+18 1.04761e+13
 2e+08 7.38483e+18 9.33976e+18 2.0263e+18 9.58375e+18 1.78953e+18 5.56217e+18 5.64515e+18 5.88721e+18 1.21299e+13
 2.2e+08 8.70455e+18 1.038e+19 2.04809e+18 1.0956e+19 1.80342e+18 5.99867e+18 6.25271e+18 6.56931e+18 1.36236e+13
 2.4e+08 1.01026e+19 1.1866e+19 2.20365e+18 1.24322e+19 1.94283e+18 6.23075e+18 6.86859e+18 7.34412e+18 1.49526e+13
 2.6e+08 1.15736e+19 1.3093e+19 2.05464e+18 1.39274e+19 2.29873e+18 6.21222e+18 7.47943e+18 8.0505e+18 1.61563e+13
 2.8e+08 1.29955e+19 1.38511e+19 1.64672e+18 1.54754e+19 2.41826e+18 6.33818e+18 8.07729e+18 8.64548e+18 1.73427e+13
 3e+08 1.44358e+19 1.50681e+19 1.3296e+18 1.70425e+19 2.54606e+18 6.87412e+18 8.82088e+18 9.40367e+18 1.79055e+13
 3.2e+08 1.57291e+19 1.65525e+19 1.14594e+18 1.82187e+19 2.65502e+18 7.97189e+18 9.61518e+18 1.02261e+19 1.83407e+13
 3.4e+08 1.65666e+19 1.78767e+19 1.11458e+18 1.947e+19 2.84573e+18 9.39551e+18 1.05704e+19 1.10833e+19 1.84e+13
 3.6e+08 1.77354e+19 1.96857e+19 9.79735e+17 2.13977e+19 3.13897e+18 1.04685e+19 1.16684e+19 1.21212e+19 1.87088e+13
 3.8e+08 1.90808e+19 2.12538e+19 6.33323e+17 2.36452e+19 3.28977e+18 1.10973e+19 1.26774e+19 1.30688e+19 1.87493e+13
 4e+08 2.05834e+19 2.27024e+19 3.98457e+17 2.59881e+19 3.10949e+18 1.09092e+19 1.33356e+19 1.38259e+19 1.86529e+13
 4e+08 2.25658e+19 2.34264e+19 4.34293e+16 1.13287e+19 5.56958e+18 1.44352e+19 1.04445e+19 1.24048e+19 7.63106e+12
 8e+08 5.37518e+19 5.21698e+19 1.18155e+16 4.29937e+19 3.37961e+18 2.17706e+18 1.61834e+19 2.38345e+19 7.49499e+11
