Ar
#NOTE: MSDs should be divided by the temperature.
#NOTE: MSDs have been divided by 2 or 10 (i.e., the viscosity computed from all components).
#Time	MSD_xx	MSD_yy	MSD_zz	MSD_xy	MSD_xz	MSD_yz	MSD_off	MSD_all	MSD_bulkvisc
 50000 2.35644e+12 2.38093e+12 2.33131e+12 2.54552e+12 2.34259e+12 2.45617e+12 2.44809e+12 2.41134e+12 8.71055e+08
 100000 9.22074e+12 9.3219e+12 9.12005e+12 9.97483e+12 9.16431e+12 9.62375e+12 9.58763e+12 9.44093e+12 2.51727e+11
 150000 2.03229e+13 2.05551e+13 2.00959e+13 2.2017e+13 2.01965e+13 2.12414e+13 2.11516e+13 2.08208e+13 2.5282e+11
 200000 3.54056e+13 3.58268e+13 3.5003e+13 3.84113e+13 3.5185e+13 3.70662e+13 3.68875e+13 3.62972e+13 2.53905e+11
 250000 5.42249e+13 5.48997e+13 5.36014e+13 5.89142e+13 5.3893e+13 5.68714e+13 5.65595e+13 5.56325e+13 2.54973e+11
 300000 7.65527e+13 7.75457e+13 7.5664e+13 8.32933e+13 7.60962e+13 8.04408e+13 7.99434e+13 7.8601e+13 2.56036e+11
 350000 1.02174e+14 1.03548e+14 1.00975e+14 1.11327e+14 1.01573e+14 1.07572e+14 1.06824e+14 1.04987e+14 2.56707e+11
 400000 1.30889e+14 1.32704e+14 1.29327e+14 1.42808e+14 1.30115e+14 1.3807e+14 1.36998e+14 1.34588e+14 2.57756e+11
 450000 1.62512e+14 1.64819e+14 1.60527e+14 1.77548e+14 1.61528e+14 1.71747e+14 1.70274e+14 1.67212e+14 2.58728e+11
 500000 1.96868e+14 1.99713e+14 1.94392e+14 2.15364e+14 1.95632e+14 2.08419e+14 2.06472e+14 2.02679e+14 2.59784e+11
 550000 2.33789e+14 2.37212e+14 2.3075e+14 2.56082e+14 2.3226e+14 2.47919e+14 2.4542e+14 2.40819e+14 2.60813e+11
 600000 2.73119e+14 2.77151e+14 2.69442e+14 2.99534e+14 2.71252e+14 2.90085e+14 2.86957e+14 2.81469e+14 2.61762e+11
 650000 3.14713e+14 3.19374e+14 3.10322e+14 3.45555e+14 3.12463e+14 3.34766e+14 3.30928e+14 3.24478e+14 2.62789e+11
 700000 3.58444e+14 3.63741e+14 3.53258e+14 3.93991e+14 3.55754e+14 3.81822e+14 3.77189e+14 3.69706e+14 2.63804e+11
 750000 4.04192e+14 4.1012e+14 3.98123e+14 4.44696e+14 4.00993e+14 4.31125e+14 4.25605e+14 4.17021e+14 2.64821e+11
 800000 4.51846e+14 4.58389e+14 4.44805e+14 4.97531e+14 4.48056e+14 4.82555e+14 4.76047e+14 4.663e+14 2.65735e+11
 850000 5.01302e+14 5.08432e+14 4.93194e+14 5.52369e+14 4.96828e+14 5.36002e+14 5.28399e+14 5.1743e+14 2.66553e+11
 900000 5.5247e+14 5.60135e+14 5.43189e+14 6.09092e+14 5.47194e+14 5.91358e+14 5.82548e+14 5.70301e+14 2.67366e+11
 950000 6.0526e+14 6.1339e+14 5.9469e+14 6.6759e+14 5.99036e+14 6.4852e+14 6.38382e+14 6.24808e+14 2.68376e+11
 1e+06 6.59579e+14 6.68096e+14 6.47604e+14 7.27761e+14 6.52242e+14 7.07386e+14 6.95796e+14 6.80848e+14 2.69185e+11
 1e+06 6.49648e+14 6.696e+14 6.46029e+14 7.22246e+14 6.60053e+14 7.07958e+14 6.96752e+14 6.80088e+14 1.76226e+10
 2e+06 1.9647e+15 1.97024e+15 1.90846e+15 2.16656e+15 1.88532e+15 2.12352e+15 2.05847e+15 2.0142e+15 3.64493e+10
 3e+06 3.44571e+15 3.43532e+15 3.37199e+15 3.81456e+15 3.18924e+15 3.77037e+15 3.59139e+15 3.5219e+15 5.50186e+10
 4e+06 4.92126e+15 4.91247e+15 4.92984e+15 5.47932e+15 4.47201e+15 5.5123e+15 5.15454e+15 5.0612e+15 7.44762e+10
 5e+06 6.37843e+15 6.34194e+15 6.52075e+15 7.11214e+15 5.72531e+15 7.32654e+15 6.72133e+15 6.59828e+15 9.57615e+10
 6e+06 7.85893e+15 7.78515e+15 8.16219e+15 8.71153e+15 6.98197e+15 9.19548e+15 8.29632e+15 8.15196e+15 1.15126e+11
 7e+06 9.39609e+15 9.29627e+15 9.85245e+15 1.0309e+16 8.24799e+15 1.11033e+16 9.88676e+15 9.73803e+15 1.34196e+11
 8e+06 1.09426e+16 1.0858e+16 1.15481e+16 1.19477e+16 9.54836e+15 1.29948e+16 1.14969e+16 1.13447e+16 1.51955e+11
 9e+06 1.24539e+16 1.24219e+16 1.32407e+16 1.36403e+16 1.08533e+16 1.48344e+16 1.31093e+16 1.29478e+16 1.69918e+11
 1e+07 1.38886e+16 1.39918e+16 1.49448e+16 1.53352e+16 1.20774e+16 1.66315e+16 1.46814e+16 1.45189e+16 1.88638e+11
 1.1e+07 1.52633e+16 1.55841e+16 1.66976e+16 1.70505e+16 1.33075e+16 1.84139e+16 1.62573e+16 1.60937e+16 2.07481e+11
 1.2e+07 1.66125e+16 1.71965e+16 1.84532e+16 1.87614e+16 1.45537e+16 2.02163e+16 1.78438e+16 1.76746e+16 2.28262e+11
 1.3e+07 1.79352e+16 1.88077e+16 2.02084e+16 2.04566e+16 1.5824e+16 2.19986e+16 1.94264e+16 1.92493e+16 2.50637e+11
 1.4e+07 1.92063e+16 2.0417e+16 2.19287e+16 2.21232e+16 1.70046e+16 2.37184e+16 2.09487e+16 2.07762e+16 2.74866e+11
 1.5e+07 2.03888e+16 2.19885e+16 2.357e+16 2.37908e+16 1.81141e+16 2.54159e+16 2.24402e+16 2.22571e+16 2.99909e+11
 1.6e+07 2.1499e+16 2.35333e+16 2.51415e+16 2.54352e+16 1.92343e+16 2.71194e+16 2.39297e+16 2.37143e+16 3.25889e+11
 1.7e+07 2.2624e+16 2.50922e+16 2.66518e+16 2.69703e+16 2.03635e+16 2.87994e+16 2.53777e+16 2.51424e+16 3.51143e+11
 1.8e+07 2.38482e+16 2.6715e+16 2.81004e+16 2.83626e+16 2.14818e+16 3.04299e+16 2.67581e+16 2.65433e+16 3.77268e+11
 1.9e+07 2.51948e+16 2.84142e+16 2.95099e+16 2.96541e+16 2.26276e+16 3.2012e+16 2.80979e+16 2.79413e+16 4.02949e+11
 2e+07 2.66013e+16 3.01637e+16 3.08816e+16 3.08694e+16 2.37556e+16 3.35387e+16 2.93879e+16 2.9319e+16 4.30251e+11
 2e+07 2.89043e+16 2.90413e+16 2.94244e+16 3.41909e+16 2.77477e+16 2.89352e+16 3.02913e+16 2.98241e+16 3.95253e+11
 4e+07 4.90249e+16 6.64355e+16 5.57328e+16 5.75492e+16 5.34738e+16 6.63234e+16 5.91155e+16 5.8295e+16 1.03809e+12
 6e+07 7.47381e+16 1.01276e+17 8.26275e+16 8.42203e+16 6.40379e+16 1.03666e+17 8.39747e+16 8.48704e+16 1.73022e+12
 8e+07 1.07496e+17 1.30768e+17 1.05054e+17 1.23633e+17 7.19494e+16 1.52299e+17 1.1596e+17 1.15352e+17 2.44635e+12
 1e+08 1.44264e+17 1.50895e+17 1.30791e+17 1.50031e+17 9.84134e+16 2.00254e+17 1.49566e+17 1.46533e+17 3.12317e+12
 1.2e+08 1.78041e+17 1.61747e+17 1.51318e+17 1.84597e+17 1.21312e+17 2.16271e+17 1.7406e+17 1.69917e+17 3.72113e+12
 1.4e+08 2.04293e+17 1.68714e+17 1.61462e+17 2.1733e+17 1.2035e+17 2.09354e+17 1.82345e+17 1.80669e+17 4.58248e+12
 1.6e+08 2.38052e+17 1.85057e+17 1.85325e+17 2.55186e+17 1.2334e+17 2.02946e+17 1.93824e+17 1.97419e+17 5.52274e+12
 1.8e+08 2.77608e+17 1.93558e+17 2.01858e+17 2.88874e+17 1.36731e+17 1.84546e+17 2.03384e+17 2.11767e+17 6.40686e+12
 2e+08 3.02836e+17 2.09053e+17 2.23033e+17 3.18901e+17 1.43847e+17 1.63307e+17 2.08685e+17 2.23201e+17 7.11446e+12
 2.2e+08 3.38602e+17 2.26579e+17 2.51178e+17 3.41541e+17 1.36145e+17 1.68194e+17 2.15293e+17 2.38024e+17 7.79722e+12
 2.4e+08 3.60679e+17 2.37487e+17 2.71918e+17 3.75712e+17 1.46198e+17 1.97e+17 2.39637e+17 2.59793e+17 8.65121e+12
 2.6e+08 3.9657e+17 2.55421e+17 2.86937e+17 4.09089e+17 1.59582e+17 2.37217e+17 2.68629e+17 2.86368e+17 9.64605e+12
 2.8e+08 4.32856e+17 2.81979e+17 2.91165e+17 4.39959e+17 1.71594e+17 2.81826e+17 2.97793e+17 3.12809e+17 1.05524e+13
 3e+08 4.54155e+17 3.12782e+17 3.01236e+17 4.76735e+17 1.73414e+17 3.50595e+17 3.33581e+17 3.42572e+17 1.14613e+13
 3.2e+08 4.75162e+17 3.5372e+17 3.26858e+17 4.90832e+17 1.88974e+17 3.95917e+17 3.58574e+17 3.69243e+17 1.22264e+13
 3.4e+08 4.90935e+17 3.92202e+17 3.42522e+17 5.17389e+17 2.10875e+17 4.00871e+17 3.76379e+17 3.89248e+17 1.29332e+13
 3.6e+08 4.91882e+17 4.2926e+17 3.33925e+17 5.72476e+17 2.19079e+17 4.15278e+17 4.02278e+17 4.08709e+17 1.3672e+13
 3.8e+08 5.06222e+17 4.73759e+17 3.12301e+17 6.15712e+17 2.15528e+17 3.95683e+17 4.08975e+17 4.17689e+17 1.40459e+13
 4e+08 5.12042e+17 5.37155e+17 2.91515e+17 6.94182e+17 2.10863e+17 3.61758e+17 4.22268e+17 4.32122e+17 1.41551e+13
 4e+08 3.09643e+17 5.25177e+17 3.57416e+16 5.59649e+17 2.05285e+17 5.56194e+17 4.40376e+17 3.80301e+17 2.03488e+13
 8e+08 4.08551e+17 9.71254e+17 1.19953e+17 2.1125e+18 4.58291e+17 1.43156e+15 8.57408e+17 7.14412e+17 1.25588e+13
