# Time-averaged data for fix AveAll
# TimeStep v_TotEn v_PotEn c_T c_P v_Dens
100000 12003.4 -0.38457 2014.52 0.99792 0.000241284
200000 11749.6 -0.387245 1971.93 0.980298 0.000242128
300000 11890.2 -0.320934 1995.52 0.989061 0.000241441
400000 11939.7 -0.143204 2003.78 1.00075 0.000243177
500000 11945 -0.303101 2004.71 1.01667 0.000246987
600000 11897.8 -0.450777 1996.8 0.999243 0.000243698
700000 11984 -0.362176 2011.26 1.01759 0.00024645
800000 11911.5 -0.429003 1999.11 1.00632 0.000245166
900000 11887 -0.239327 1994.96 1.00125 0.000244395
1000000 11877.7 0.178647 1993.32 0.993737 0.000242716
1100000 11825.1 0.748958 1984.4 0.991279 0.000243123
1200000 11877.4 -0.00491376 1993.31 1.00679 0.000245921
1300000 11903 0.239578 1997.57 1.00322 0.000244475
1400000 11811.2 -0.0193569 1982.21 0.986236 0.000242221
1500000 11798.7 -0.248623 1980.14 0.990244 0.000243603
1600000 11906.9 0.376851 1998.2 0.993864 0.000242101
1700000 11815.4 -0.435782 1982.97 0.989069 0.000242926
1800000 11955.3 -0.287797 2006.43 1.01463 0.000246279
1900000 11858.9 -0.452493 1990.28 1.0029 0.00024541
2000000 11745.6 -0.598494 1971.29 0.984645 0.000243317
2100000 11898.9 -0.0102171 1996.91 1.00044 0.000243902
2200000 11638.7 -0.279189 1953.3 0.967494 0.000241247
2300000 12001.5 0.154633 2014.11 1.00923 0.000243976
2400000 12044.4 0.492202 2021.25 0.999696 0.000240838
2500000 12029.8 -0.386907 2018.95 1.01077 0.000243903
2600000 11829.9 -0.251735 1985.38 1.01005 0.000247835
2700000 11777.4 0.175673 1976.5 0.989614 0.000243747
2800000 11779.4 -0.397674 1976.93 0.993438 0.000244693
2900000 11865 0.335144 1991.17 0.985461 0.000240903
3000000 11993.3 -0.435661 2012.83 1.00301 0.000242761
3100000 11901.6 -0.446426 1997.44 1.01653 0.000247938
3200000 11764.2 -0.423815 1974.37 0.985915 0.000243227
3300000 12013.7 -0.378245 2016.24 1.00924 0.000243852
3400000 11898.1 -0.393879 1996.85 1.00562 0.000245279
3500000 12059 0.414803 2023.71 1.02794 0.000247139
3600000 11878.6 -0.569254 1993.6 1.00037 0.000244405
3700000 11884.7 -0.256378 1994.58 0.993041 0.000242428
3800000 11906.1 -0.17188 1998.15 1.00496 0.000244915
3900000 11873.3 -0.135276 1992.64 0.999234 0.000244169
4000000 11879 -0.148637 1993.61 0.999233 0.000244096
4100000 11931.3 -0.326786 2002.42 0.997716 0.000242728
4200000 11839.6 -0.455177 1987.04 0.981567 0.000240568
4300000 11941 -0.0189016 2003.98 1.00349 0.000243786
4400000 11832.4 -0.545205 1985.86 1.00471 0.000246424
4500000 11856.5 -0.371963 1989.87 0.994344 0.000243386
4600000 11898.9 -0.208259 1996.95 1.00644 0.00024544
4700000 11929.6 -0.324938 2002.13 0.989321 0.000240699
4800000 12000 -0.228747 2013.93 1.00522 0.000243138
4900000 11941.7 -0.295148 2004.14 1.00519 0.000244309
5000000 12111.8 -0.456353 2032.72 1.01623 0.00024333
5100000 11960.2 -0.375238 2007.27 0.991957 0.000240661
5200000 12227.6 -0.455504 2052.16 1.02819 0.000244054
5300000 11955.6 0.107895 2006.41 1.00698 0.000244338
5400000 11846.6 1.5787 1987.87 1.01339 0.000248035
5500000 11891.4 -0.541378 1995.74 0.996752 0.000243277
5600000 12264.1 -0.35746 2058.26 1.03495 0.00024496
5700000 11967 -0.276635 2008.39 1.00745 0.000244229
5800000 11848.1 -0.612727 1988.5 0.988021 0.00024202
5900000 11996.3 -0.60403 2013.37 0.995863 0.000240875
6000000 11950.8 -0.564499 2005.72 1.00453 0.000243949
6100000 11825.2 -0.657088 1984.66 1.00457 0.000246566
6200000 11919.5 -0.191691 2000.41 0.999055 0.000243241
6300000 11958.5 0.220594 2006.89 1.02006 0.00024751
6400000 11897.8 -0.316289 1996.78 0.986677 0.000240668
6500000 11846.8 -0.503911 1988.26 0.984459 0.000241213
6600000 11948.3 -0.396884 2005.27 1.00456 0.000244056
6700000 11949.2 1.99637 2005.03 0.997008 0.000241832
6800000 11863.9 0.402026 1990.98 0.999966 0.00024446
6900000 11930.9 -0.594017 2002.38 0.992007 0.000241316
7000000 11889.4 0.463735 1995.24 1.01036 0.000246511
7100000 11978.2 -0.256052 2010.27 1.0139 0.000245561
7200000 11844.8 -0.391609 1987.91 0.994824 0.000243682
7300000 12000.1 0.969037 2013.74 1.02139 0.000246799
7400000 11943 -0.00866306 2004.31 1.0063 0.000244415
7500000 11893.7 0.916353 1995.89 0.99948 0.0002437
7600000 11887.4 -0.418916 1995.05 1.00957 0.000246489
7700000 11875.2 -0.245458 1992.98 0.986611 0.00024109
7800000 11814.6 2.17229 1982.4 1.01378 0.000248686
7900000 11821.5 -0.534105 1984.01 0.987414 0.000242397
8000000 11862.6 -0.300264 1990.88 0.987163 0.000241453
8100000 12104.8 0.339751 2031.42 1.02031 0.000244462
8200000 11895.1 -0.332655 1996.33 1.00131 0.000244319
8300000 11927.3 -0.288256 2001.73 0.992613 0.000241469
8400000 11938.2 -0.436477 2003.58 0.99823 0.000242601
8500000 12072.7 -0.412052 2026.15 1.01372 0.000243626
8600000 12082.6 -0.553203 2027.84 1.01762 0.000244401
8700000 11912.4 -0.440553 1999.25 0.997527 0.000243044
8800000 11953.6 -0.471893 2006.17 0.990707 0.00024055
8900000 12146.2 -0.378388 2038.48 1.01003 0.000241243
9000000 11838.5 0.291471 1986.73 0.983577 0.000240951
9100000 11744.2 -0.619278 1971.06 0.991632 0.000245042
9200000 11752.5 -0.446711 1972.42 1.0017 0.000247296
9300000 11892.6 -0.319444 1995.91 0.993335 0.000242377
9400000 11727.1 -0.106644 1968.1 0.980822 0.00024262
9500000 11913.7 -0.366534 1999.46 0.999235 0.00024345
9600000 11845.5 -0.148649 1987.99 1.00685 0.000246605
9700000 11978.4 -0.541187 2010.35 0.988988 0.000239669
9800000 11734.7 -0.284092 1969.4 0.994795 0.00024602
9900000 11902.3 -0.419137 1997.56 1.00039 0.000243905
10000000 11905.8 0.0403428 1998.07 0.996783 0.000242809
