Ar
#NOTE: MSDs should be divided by the temperature.
#NOTE: MSDs have been divided by 2 or 10 (i.e., the viscosity computed from all components).
#Time	MSD_xx	MSD_yy	MSD_zz	MSD_xy	MSD_xz	MSD_yz	MSD_off	MSD_all	MSD_bulkvisc
 50000 1.05998e+13 9.7471e+12 9.22533e+12 1.07455e+13 9.91445e+12 1.03843e+13 1.03481e+13 1.01518e+13 2.35134e+08
 100000 4.20912e+13 3.86831e+13 3.65974e+13 4.26783e+13 3.93535e+13 4.12278e+13 4.10865e+13 4.03015e+13 4.99974e+11
 150000 9.40535e+13 8.63941e+13 8.17029e+13 9.53902e+13 8.79046e+13 9.21112e+13 9.1802e+13 9.00346e+13 4.99146e+11
 200000 1.66073e+14 1.52477e+14 1.44139e+14 1.6848e+14 1.55166e+14 1.62626e+14 1.62091e+14 1.58946e+14 4.9945e+11
 250000 2.57749e+14 2.36538e+14 2.23508e+14 2.61555e+14 2.40741e+14 2.52375e+14 2.51557e+14 2.4664e+14 4.99747e+11
 300000 3.68691e+14 3.38192e+14 3.19424e+14 3.74232e+14 3.44236e+14 3.60973e+14 3.59814e+14 3.52729e+14 5.0004e+11
 350000 4.98513e+14 4.57064e+14 4.31515e+14 5.06131e+14 4.65275e+14 4.88047e+14 4.86484e+14 4.76836e+14 5.00335e+11
 400000 6.4684e+14 5.92787e+14 5.59418e+14 6.56877e+14 6.03491e+14 6.33229e+14 6.31199e+14 6.18592e+14 5.00633e+11
 450000 8.13304e+14 7.45003e+14 7.02778e+14 8.26096e+14 7.58522e+14 7.9616e+14 7.93593e+14 7.77634e+14 5.00932e+11
 500000 9.97547e+14 9.13363e+14 8.61249e+14 1.01343e+15 9.30013e+14 9.76493e+14 9.7331e+14 9.53607e+14 5.01225e+11
 550000 1.19922e+15 1.09753e+15 1.0345e+15 1.21851e+15 1.11762e+15 1.17389e+15 1.17001e+15 1.14617e+15 5.01435e+11
 600000 1.41799e+15 1.29716e+15 1.2222e+15 1.44099e+15 1.321e+15 1.38803e+15 1.38334e+15 1.35498e+15 5.01652e+11
 650000 1.65351e+15 1.51195e+15 1.42403e+15 1.68052e+15 1.53983e+15 1.61857e+15 1.61297e+15 1.57972e+15 5.01948e+11
 700000 1.90546e+15 1.74156e+15 1.63968e+15 1.93677e+15 1.77378e+15 1.8652e+15 1.85858e+15 1.82004e+15 5.02248e+11
 750000 2.17351e+15 1.98568e+15 1.86884e+15 2.2094e+15 2.02254e+15 2.1276e+15 2.11984e+15 2.07564e+15 5.02546e+11
 800000 2.45735e+15 2.24399e+15 2.11121e+15 2.49806e+15 2.28579e+15 2.40545e+15 2.39644e+15 2.3462e+15 5.02824e+11
 850000 2.75666e+15 2.51619e+15 2.3665e+15 2.80246e+15 2.56324e+15 2.69844e+15 2.68805e+15 2.63141e+15 5.03113e+11
 900000 3.07115e+15 2.80196e+15 2.63443e+15 3.12228e+15 2.85459e+15 3.00625e+15 2.99437e+15 2.93096e+15 5.03406e+11
 950000 3.4005e+15 3.101e+15 2.91474e+15 3.45722e+15 3.15957e+15 3.32859e+15 3.31513e+15 3.24457e+15 5.03698e+11
 1e+06 3.74442e+15 3.41302e+15 3.20716e+15 3.80699e+15 3.47788e+15 3.66516e+15 3.65001e+15 3.57195e+15 5.0399e+11
 1e+06 3.74608e+15 3.41093e+15 3.20819e+15 3.81075e+15 3.48822e+15 3.66074e+15 3.65324e+15 3.57397e+15 5.12255e+09
 2e+06 1.32904e+16 1.19731e+16 1.12527e+16 1.35178e+16 1.2287e+16 1.29668e+16 1.29239e+16 1.26231e+16 9.96974e+09
 3e+06 2.67072e+16 2.38712e+16 2.25037e+16 2.723e+16 2.47072e+16 2.5993e+16 2.59767e+16 2.53303e+16 1.50538e+10
 4e+06 4.26258e+16 3.79776e+16 3.58871e+16 4.36749e+16 3.96473e+16 4.14593e+16 4.15938e+16 4.04884e+16 2.04872e+10
 5e+06 6.02125e+16 5.36159e+16 5.0752e+16 6.1947e+16 5.63202e+16 5.85183e+16 5.89285e+16 5.73011e+16 2.6126e+10
 6e+06 7.87843e+16 7.03409e+16 6.67132e+16 8.14286e+16 7.42562e+16 7.64854e+16 7.739e+16 7.52125e+16 3.16585e+10
 7e+06 9.77761e+16 8.77562e+16 8.34548e+16 1.01564e+17 9.31352e+16 9.48291e+16 9.65095e+16 9.37706e+16 3.6944e+10
 8e+06 1.16718e+17 1.05477e+17 1.00701e+17 1.22031e+17 1.12697e+17 1.13304e+17 1.16011e+17 1.12659e+17 4.21717e+10
 9e+06 1.35243e+17 1.23234e+17 1.18179e+17 1.42638e+17 1.32913e+17 1.31864e+17 1.35805e+17 1.31704e+17 4.75279e+10
 1e+07 1.53301e+17 1.40979e+17 1.35782e+17 1.63324e+17 1.5382e+17 1.50429e+17 1.55858e+17 1.50856e+17 5.27866e+10
 1.1e+07 1.7096e+17 1.58806e+17 1.53539e+17 1.84073e+17 1.7531e+17 1.68888e+17 1.7609e+17 1.70095e+17 5.82489e+10
 1.2e+07 1.88346e+17 1.76763e+17 1.71459e+17 2.0485e+17 1.97285e+17 1.87042e+17 1.96392e+17 1.89378e+17 6.35201e+10
 1.3e+07 2.05602e+17 1.94833e+17 1.89516e+17 2.25594e+17 2.19669e+17 2.04706e+17 2.16656e+17 2.08654e+17 6.92276e+10
 1.4e+07 2.2292e+17 2.1306e+17 2.07874e+17 2.4627e+17 2.42418e+17 2.2178e+17 2.36823e+17 2.27941e+17 7.47407e+10
 1.5e+07 2.40408e+17 2.31462e+17 2.26613e+17 2.6687e+17 2.65399e+17 2.38235e+17 2.56835e+17 2.47232e+17 8.00425e+10
 1.6e+07 2.57948e+17 2.49935e+17 2.45811e+17 2.87304e+17 2.88524e+17 2.54065e+17 2.76631e+17 2.66471e+17 8.52615e+10
 1.7e+07 2.75432e+17 2.68229e+17 2.65466e+17 3.07486e+17 3.11802e+17 2.69269e+17 2.96186e+17 2.85595e+17 9.08053e+10
 1.8e+07 2.92779e+17 2.86105e+17 2.85689e+17 3.27349e+17 3.3523e+17 2.8394e+17 3.15506e+17 3.0458e+17 9.60139e+10
 1.9e+07 3.09888e+17 3.03479e+17 3.06478e+17 3.46943e+17 3.58871e+17 2.98252e+17 3.34689e+17 3.23459e+17 1.01093e+11
 2e+07 3.26573e+17 3.20361e+17 3.27829e+17 3.66325e+17 3.82755e+17 3.12308e+17 3.53796e+17 3.42246e+17 1.05868e+11
 2e+07 3.24091e+17 3.24303e+17 3.17678e+17 3.99936e+17 3.81764e+17 2.86543e+17 3.56081e+17 3.42458e+17 1.18714e+11
 4e+07 5.63313e+17 6.23495e+17 8.64546e+17 8.4691e+17 8.98426e+17 5.89936e+17 7.78424e+17 7.40568e+17 1.9948e+11
 6e+07 8.15557e+17 9.09199e+17 1.5564e+18 1.36366e+18 1.39904e+18 8.16422e+17 1.19304e+18 1.15331e+18 2.57238e+11
 8e+07 9.87515e+17 1.19512e+18 2.39603e+18 1.93827e+18 1.97232e+18 1.10561e+18 1.67206e+18 1.61373e+18 3.47195e+11
 1e+08 1.23512e+18 1.54144e+18 3.2048e+18 2.52864e+18 2.56778e+18 1.31904e+18 2.13849e+18 2.08061e+18 4.1346e+11
 1.2e+08 1.54732e+18 1.92454e+18 4.02943e+18 3.13506e+18 3.22262e+18 1.43651e+18 2.59806e+18 2.55901e+18 4.91012e+11
 1.4e+08 1.79282e+18 2.31665e+18 4.87505e+18 3.77267e+18 3.83768e+18 1.5404e+18 3.05025e+18 3.02809e+18 5.48677e+11
 1.6e+08 2.06013e+18 2.64131e+18 5.79394e+18 4.6891e+18 4.58898e+18 1.69711e+18 3.6584e+18 3.59442e+18 5.87205e+11
 1.8e+08 2.36051e+18 3.00966e+18 6.78857e+18 5.61702e+18 5.38812e+18 1.7789e+18 4.26135e+18 4.17797e+18 6.40774e+11
 2e+08 2.71972e+18 3.36748e+18 7.92092e+18 6.73583e+18 6.19835e+18 1.88951e+18 4.94123e+18 4.83249e+18 6.50246e+11
 2.2e+08 3.09332e+18 3.77639e+18 9.20468e+18 7.89052e+18 6.98666e+18 1.93487e+18 5.60402e+18 5.50566e+18 6.6023e+11
 2.4e+08 3.45154e+18 4.17975e+18 1.05641e+19 9.04249e+18 7.77529e+18 1.83717e+18 6.21832e+18 6.15705e+18 6.48902e+11
 2.6e+08 3.92967e+18 4.6312e+18 1.20008e+19 1.02665e+19 8.48059e+18 1.88061e+18 6.87591e+18 6.86711e+18 5.71717e+11
 2.8e+08 4.34697e+18 5.14403e+18 1.34056e+19 1.15983e+19 9.15788e+18 1.92828e+18 7.5615e+18 7.58977e+18 5.61285e+11
 3e+08 4.77437e+18 5.53704e+18 1.47402e+19 1.29505e+19 9.71568e+18 1.86849e+18 8.17822e+18 8.24714e+18 5.64229e+11
 3.2e+08 5.08122e+18 5.94723e+18 1.60751e+19 1.43696e+19 1.01212e+19 1.7182e+18 8.73631e+18 8.8556e+18 5.75877e+11
 3.4e+08 5.42422e+18 6.50154e+18 1.75147e+19 1.58446e+19 1.06186e+19 1.657e+18 9.37339e+18 9.54943e+18 5.81381e+11
 3.6e+08 5.74499e+18 7.12074e+18 1.89928e+19 1.75725e+19 1.11432e+19 1.60208e+18 1.01059e+19 1.03114e+19 5.43237e+11
 3.8e+08 6.04637e+18 7.74051e+18 2.05617e+19 1.93964e+19 1.16516e+19 1.59648e+18 1.08815e+19 1.11087e+19 5.50405e+11
 4e+08 6.3025e+18 8.29931e+18 2.23119e+19 2.13531e+19 1.19928e+19 1.75565e+18 1.17005e+19 1.19421e+19 5.72933e+11
 4e+08 7.5528e+18 7.4407e+18 1.96858e+19 1.89403e+19 9.00881e+18 2.39074e+18 1.01133e+19 1.06919e+19 3.49699e+11
 8e+08 1.64551e+19 2.47561e+19 6.94555e+19 7.09722e+19 1.79632e+19 4.79232e+18 3.12426e+19 3.35011e+19 6.17478e+11
 1.2e+09 1.7466e+19 4.19856e+19 1.12687e+20 1.4326e+20 1.73521e+19 9.72028e+18 5.67776e+19 5.70184e+19 1.11003e+12
 1.6e+09 3.11881e+19 4.32939e+19 1.44693e+20 2.26907e+20 1.24512e+19 1.69028e+19 8.54202e+19 8.04755e+19 1.1387e+12
 2e+09 3.80552e+19 3.16069e+19 1.39025e+20 2.31168e+20 6.51335e+16 1.33854e+19 8.15394e+19 7.67486e+19 2.04802e+11
