# Time-averaged data for fix AveAll
# TimeStep v_TotEn v_PotEn c_T c_P v_Dens
100000 5840.53 -1.49139 980.429 0.976748 0.00048541
200000 5957.05 -1.2334 999.94 0.996726 0.000485107
300000 5913.43 -1.02831 992.586 1.00647 0.000493959
400000 5983.37 -0.463627 1004.23 1.01254 0.000490835
500000 5908.69 0.118937 991.597 0.988797 0.00048509
600000 5991.26 -0.46155 1005.55 1.00061 0.000484539
700000 5988.22 -1.02772 1005.14 1.00597 0.00048732
800000 6009.46 -0.746952 1008.65 1.00418 0.000484624
900000 6045.55 -0.76672 1014.71 1.01735 0.000488299
1000000 5933.51 -0.510545 995.869 0.994251 0.000486127
1100000 5998.96 -0.736834 1006.89 1.00824 0.000487769
1200000 5945.2 -1.01056 997.914 0.997857 0.000487091
1300000 5963.6 -1.0899 1001.02 0.99856 0.000485974
1400000 5945.88 -0.023645 997.862 0.998513 0.000486834
1500000 5995.58 -1.03124 1006.37 1.01676 0.000492118
1600000 5913.24 -0.698699 992.498 0.993596 0.000487758
1700000 5983.08 -0.813583 1004.24 0.984873 0.000477745
1800000 5964.23 -1.2555 1001.15 1.00757 0.000490296
1900000 5919.64 -0.531444 993.545 0.986866 0.000483754
2000000 5892.7 -0.640139 989.041 0.983714 0.000484122
2100000 5933.64 -0.511462 995.891 0.996051 0.000486742
2200000 5914.04 -0.948768 992.675 0.998095 0.000489531
2300000 5998.67 -0.47174 1006.8 1.00549 0.000486158
2400000 5930.99 0.141592 995.336 0.999852 0.000488453
2500000 6041.2 -0.679237 1013.97 0.993728 0.000477491
2600000 5993.43 -0.295219 1005.89 1.01524 0.00049128
2700000 5978.06 -0.995828 1003.43 1.00562 0.000488189
2800000 5934.94 -0.809329 996.158 0.999713 0.000488801
2900000 6034.56 0.145261 1012.72 1.02937 0.000494559
3000000 5921.57 -0.985309 993.944 0.989407 0.000484907
3100000 6016.96 0.0980861 1009.77 1.02805 0.000495422
3200000 6004.32 -0.701571 1007.78 1.00284 0.000484809
3300000 5940.42 -0.94558 997.1 0.997756 0.000487496
3400000 6010.37 -0.687923 1008.8 1.02175 0.000493291
3500000 5962.23 -0.949109 1000.76 1.00861 0.000490837
3600000 5980.16 -0.818613 1003.75 0.997171 0.000484039
3700000 5927.19 -1.32357 994.943 1.00384 0.000491404
3800000 5896.98 -0.838709 989.793 0.976609 0.000480269
3900000 5958.78 -0.777415 1000.15 1.00088 0.000487516
4000000 5966.91 -1.02899 1001.56 1.00761 0.000490055
4100000 5959.35 -0.624469 1000.22 0.999785 0.000486824
4200000 5873.05 -0.806358 985.771 0.979246 0.000483929
4300000 5925.73 -0.859511 994.622 1.00394 0.000491557
4400000 5931.67 -0.51308 995.559 1.00241 0.000489904
4500000 5938.71 -0.504849 996.74 0.999796 0.000488414
4600000 5865.76 -0.920283 984.566 0.97243 0.00048112
4700000 5979.64 0.00259924 1003.52 1.00443 0.000486856
4800000 6012.95 -0.679998 1009.23 0.99763 0.000481417
4900000 5967.61 -0.892817 1001.65 1.00217 0.00048734
5000000 5991.55 -0.58276 1005.62 1.0034 0.000485974
5100000 6024.84 -1.01492 1011.28 1.01797 0.000490314
5200000 6034.93 -0.753187 1012.93 1.00264 0.000482176
5300000 6046.1 -0.799565 1014.81 1.00463 0.000482161
5400000 5921.81 -0.612171 993.922 0.993172 0.000486476
5500000 5956.47 -0.710641 999.755 1.005 0.000489441
5600000 5926.97 -0.820465 994.822 1.00047 0.000489842
5700000 5954.56 -0.29363 999.365 1.01731 0.000495453
5800000 6022.05 -0.694701 1010.76 1.0125 0.000487703
5900000 5970.67 -0.99639 1002.19 0.980835 0.000476812
6000000 5956.78 -0.979139 999.853 0.997792 0.000486224
6100000 5992.23 -0.611587 1005.74 1.016 0.000491916
6200000 5932.42 -0.807347 995.735 0.996757 0.000487755
6300000 6034.41 -0.761773 1012.84 1.00611 0.000483988
6400000 5993.69 -0.605178 1005.98 1.00753 0.000487532
6500000 5993.58 -0.48662 1005.95 1.00539 0.000486769
6600000 5942.94 -0.846067 997.507 0.997479 0.000486843
6700000 6021.64 -0.876125 1010.72 0.997966 0.000481129
6800000 6068.6 -1.06502 1018.63 1.01327 0.000484615
6900000 5950.89 -0.95556 998.859 1.01024 0.000492627
7000000 6025.16 -0.774835 1011.29 1.0039 0.000483537
7100000 5976.64 -0.849889 1003.16 1.00606 0.000488418
7200000 5939.33 -0.875001 996.906 1.00379 0.00049039
7300000 5964.73 -0.77249 1001.15 0.995492 0.000484169
7400000 5990.52 -0.664989 1005.46 1.01428 0.000491119
7500000 6073.48 -0.373 1019.34 1.01411 0.000484378
7600000 5998.46 -0.516196 1006.77 1.00727 0.000487117
7700000 5882.53 -0.988642 987.393 0.995319 0.000490987
7800000 5948.49 -0.698524 998.414 0.993199 0.000484446
7900000 5896.29 -0.743581 989.661 0.984165 0.000484322
8000000 6008.37 -0.662512 1008.46 0.996145 0.000480974
8100000 5909.79 -1.04952 991.978 0.988122 0.000485251
8200000 5880.36 -0.528914 986.951 0.989058 0.000488019
8300000 5964.6 -0.940665 1001.16 0.989566 0.000481397
8400000 5955.44 -1.3094 999.683 1.01255 0.000493432
8500000 5944.73 -0.877869 997.813 1.00095 0.000488655
8600000 5978.48 -0.686632 1003.44 1.00499 0.000487747
8700000 5960.59 -0.831934 1000.47 1.00316 0.000488312
8800000 5977.7 -0.741013 1003.32 0.991726 0.000481455
8900000 6016.74 -0.674602 1009.86 1.03179 0.000497411
9000000 5937.67 1.41268 996.244 1.00012 0.000487678
9100000 5990.71 -0.775504 1005.51 1.00071 0.000484892
9200000 5910.64 -0.918778 992.098 0.993948 0.000488277
9300000 5930.03 -0.486005 995.281 0.999521 0.000488945
9400000 5878.68 -0.868996 986.726 0.992409 0.000489954
9500000 5951.51 -0.431468 998.875 0.990832 0.000482746
9600000 5963.7 -1.20057 1001.05 0.991943 0.000482624
9700000 6022.5 -0.223026 1010.75 1.0152 0.000488825
9800000 5948.54 -0.956166 998.466 1.00529 0.000490539
9900000 5963.08 -0.890425 1000.9 1.00285 0.000488261
10000000 6026.22 -0.324747 1011.4 1.01047 0.000486346
